# Program:featureCounts v2.0.3; Command:"/home/reedkm/shared/RIS_Projects/Software/subread-2.0.3-Linux-x86_64/bin/featureCounts" "-Q" "10" "-s" "1" "-T" "12" "-F" "SAF" "-a" "/home/reedkm/shared/RIS_Projects/Reed_Project_016/miRNA_Expression/Turkey_miRNAs.saf" "-M" "-O" "-o" "/home/reedkm/shared/RIS_Projects/Reed_Project_016/miRNA_Expression/Counts/miRNA_Expression.txt" "NCT_48_38_33_101_smRNA_S34" "NCT_48_38_33_102_smRNA_S35" "NCT_48_38_38_61_smRNA_S45" "NCT_48_38_38_62_smRNA_S46" "NCT_48_38_38_R_smRNA_S37" "NCT_48_38_43_51_smRNA_S32" "NCT_48_38_43_52_smRNA_S33" "NCT_72_33_32_smRNA_S31" "NCT_72_33_53_smRNA_S44" "NCT_72_38_71_smRNA_S47" "NCT_72_38_73_smRNA_S48" "NCT_72_38_R_smRNA_S36" "NCT_72_43_21_smRNA_S29" "NCT_72_43_22_smRNA_S30" "RBC2_48_38_33_101_smRNA_S27" "RBC2_48_38_33_102_smRNA_S28" "RBC2_48_38_38_12_smRNA_S38" "RBC2_48_38_38_14_smRNA_S39" "RBC2_48_38_43_22_smRNA_S40" "RBC2_48_38_43_24_smRNA_S41" "RBC2_72_38_11_smRNA_S25" "RBC2_72_38_12_smRNA_S26" "RBC2_72_43_41_smRNA_S42" "RBC2_72_43_42_smRNA_S43" 
Geneid	Chr	Start	End	Strand	Length	NCT_48_38_33_101_smRNA_S34	NCT_48_38_33_102_smRNA_S35	NCT_48_38_38_61_smRNA_S45	NCT_48_38_38_62_smRNA_S46	NCT_48_38_38_R_smRNA_S37	NCT_48_38_43_51_smRNA_S32	NCT_48_38_43_52_smRNA_S33	NCT_72_33_32_smRNA_S31	NCT_72_33_53_smRNA_S44	NCT_72_38_71_smRNA_S47	NCT_72_38_73_smRNA_S48	NCT_72_38_R_smRNA_S36	NCT_72_43_21_smRNA_S29	NCT_72_43_22_smRNA_S30	RBC2_48_38_33_101_smRNA_S27	RBC2_48_38_33_102_smRNA_S28	RBC2_48_38_38_12_smRNA_S38	RBC2_48_38_38_14_smRNA_S39	RBC2_48_38_43_22_smRNA_S40	RBC2_48_38_43_24_smRNA_S41	RBC2_72_38_11_smRNA_S25	RBC2_72_38_12_smRNA_S26	RBC2_72_43_41_smRNA_S42	RBC2_72_43_42_smRNA_S43
novel:1_3760	1	1220640	1220708	-	69	0	0	3	1	0	11	5	1	5	0	3	0	2	1	2	1	2	7	2	3	4	5	3	2
known:1_3761	1	1358425	1358483	-	59	0	0	1	0	0	19	4	2	0	0	0	0	0	0	0	1	0	0	24	13	0	0	0	0
novel:1_3764	1	1436169	1436246	-	78	0	0	0	0	0	0	0	0	0	0	0	0	0	0	0	0	0	0	0	0	0	0	0	0
novel:1_49	1	2330667	2330708	+	42	0	0	0	0	0	1	0	0	0	0	0	0	0	0	0	0	0	0	0	0	0	0	0	0
novel:1_52	1	2628402	2628446	+	45	3	2	4	2	0	2	0	13	2	5	5	0	3	4	2	1	2	3	1	6	8	12	8	6
known:1_61	1	3159077	3159137	+	61	82	89	64	40	1	86	50	184	365	253	194	1	60	108	85	127	83	120	45	41	186	230	95	111
known:1_65	1	3160088	3160146	+	59	25	11	5	21	0	16	12	31	39	20	66	0	26	23	7	31	30	23	21	23	56	67	42	35
novel:1_85	1	4152306	4152366	+	61	1	2	1	1	0	1	2	1	7	2	1	0	0	0	5	7	2	4	2	0	4	2	0	0
novel:1_351	1	24081583	24081619	+	37	2	2	2	0	0	1	1	20	19	12	12	0	1	1	0	1	1	2	1	1	10	14	1	1
known:1_430	1	32547901	32547978	+	78	1057	1163	1010	1259	10	3541	1986	1082	1642	1233	1518	2	1839	2016	978	1480	1634	1823	2756	2214	1797	2144	2053	2056
known:1_732	1	44631121	44631180	+	60	0	0	0	0	0	0	0	0	0	0	0	0	0	0	0	0	0	0	0	0	0	0	0	0
known:1_4467	1	47776614	47776673	-	60	2	2	1	2	1	2	3	1	5	1	2	6	3	4	3	0	3	1	2	1	2	1	5	0
novel:1_4510	1	48183931	48183991	-	61	3	2	0	3	0	2	4	7	4	0	2	0	2	0	4	6	2	0	4	1	5	3	1	1
novel:1_4545	1	48906293	48906353	-	61	13	7	14	9	2	5	7	16	40	42	35	0	23	18	2	4	8	11	17	12	17	22	16	21
novel:1_4546	1	48906335	48906388	-	54	13	7	14	9	2	5	8	15	40	40	34	0	22	18	2	4	7	11	16	11	17	25	16	20
novel:1_1361	1	63924699	63924764	+	66	1	2	2	3	0	4	8	0	12	2	14	0	21	15	2	3	6	5	11	8	6	4	21	13
known:1_1462	1	68052127	68052198	+	72	1	2	2	4	6	1	3	10	19	1	2	1	4	2	1	3	0	2	1	2	1	6	8	2
novel:1_4996	1	72009275	72009325	-	51	0	0	0	0	0	0	0	0	0	0	0	0	0	0	0	0	0	0	0	0	0	0	0	0
novel:1_5238	1	88957311	88957386	-	76	0	0	0	0	0	0	0	3	1	0	0	0	0	1	0	0	0	0	1	0	0	1	0	0
known:1_2054	1	96778655	96778713	+	59	62	59	48	71	0	49	116	86	114	84	140	0	125	69	57	99	111	103	162	104	113	154	122	97
known:1_2056	1	96779396	96779462	+	67	939	1149	1308	1082	17	4743	1452	1445	2287	2207	1510	16	1474	1717	1119	1412	1534	2086	2400	1773	1662	1861	1439	1543
known:1_2058	1	96811732	96811792	+	61	6	1	4	9	0	8	5	28	12	13	23	0	20	7	7	14	10	10	9	12	16	10	11	6
novel:1_2132	1	102980799	102980863	+	65	125	110	105	110	245	108	83	13	7	25	25	44	54	51	92	119	116	109	111	87	33	69	27	35
novel:1_2183	1	103632024	103632067	+	44	0	0	1	1	0	3	3	14	5	5	0	0	7	6	2	0	1	1	5	1	6	11	3	6
known:1_2316	1	107699261	107699323	+	63	27	35	8	30	0	185	49	79	155	101	113	0	101	119	34	39	48	41	61	26	142	154	129	129
known:1_2317	1	107699778	107699833	+	56	326	402	170	329	1	296	470	1419	1358	687	1159	3	1626	1279	408	549	531	531	847	399	1278	1633	1521	1603
novel:1_2352	1	108832901	108832946	+	46	10	17	13	18	2	41	8	6	2	3	6	1	12	10	2	2	3	8	6	2	1	0	3	0
novel:1_5563	1	109461374	109461413	-	40	0	0	1	5	0	1	0	1	0	5	3	0	2	2	0	0	1	0	4	1	1	3	2	0
novel:1_5653	1	115239780	115239839	-	60	1	0	0	1	0	2	2	3	4	3	5	0	4	6	1	0	2	0	3	4	0	2	1	1
novel:1_5658	1	115434730	115434777	-	48	0	0	0	0	0	0	0	0	0	1	2	0	1	1	0	0	0	0	0	0	3	3	0	1
novel:1_5705	1	117952641	117952691	-	51	14	10	20	7	0	5	12	21	18	19	33	2	19	24	13	12	14	24	26	16	23	29	25	40
known:1_2798	1	129979927	129979981	+	55	8	5	7	4	2	7	14	37	51	19	16	3	26	27	16	18	21	19	34	26	32	49	26	22
known:1_6046	1	144109298	144109357	-	60	0	0	0	0	2	0	0	11	2	2	1	10	0	1	0	0	0	0	0	0	2	1	0	0
known:1_6047	1	144109430	144109488	-	59	39	32	18	71	2	20	62	46	67	56	89	19	115	79	51	87	62	50	98	63	99	136	113	128
known:1_6050	1	144109604	144109660	-	57	188	192	110	269	2	248	282	204	382	315	562	4	1017	622	296	361	256	285	487	339	515	753	703	685
known:1_6053	1	144109896	144109953	-	58	204	209	97	276	5	197	324	416	311	210	496	1	584	388	179	310	316	270	472	258	510	654	552	560
novel:1_3093	1	149859408	149859461	+	54	0	3	0	0	1	3	3	59	39	6	17	2	11	9	0	0	2	4	6	5	25	52	11	17
novel:1_3121	1	150055287	150055327	+	41	2	0	0	1	0	1	3	2	0	2	4	0	0	0	0	0	1	0	0	0	1	0	3	1
novel:1_3122	1	150055307	150055367	+	61	2	0	0	1	0	1	3	2	0	2	4	0	0	0	0	0	1	0	0	0	1	0	3	1
known:1_6193	1	161574342	161574402	-	61	0	1	0	0	0	1	0	0	0	1	2	1	3	2	6	2	1	0	0	0	3	1	0	5
known:1_6195	1	161574486	161574543	-	58	60	49	37	84	1	57	80	55	71	79	135	2	208	137	77	106	111	102	156	95	109	162	188	134
novel:1_3482	1	174796935	174796990	+	56	0	0	0	0	0	0	0	1	0	0	0	0	0	0	0	0	0	0	0	0	0	0	0	0
novel:1_3487	1	174881025	174881085	+	61	0	1	1	1	0	7	0	0	0	0	0	0	1	0	1	0	0	1	2	5	0	0	0	0
novel:1_3500	1	176332465	176332540	+	76	0	0	0	0	0	0	0	0	0	0	0	0	0	0	0	0	0	0	0	0	0	0	0	0
novel:1_6504	1	181996823	181996886	-	64	1	0	4	5	0	43	11	0	0	1	0	1	4	8	0	1	4	3	17	19	1	3	12	17
novel:2_8948	2	6331755	6331801	-	47	0	0	0	0	0	0	0	0	0	0	0	0	0	0	0	0	0	0	0	0	1	0	0	0
novel:2_6808	2	6943547	6943630	+	84	0	0	0	1	0	5	1	0	1	10	3	4	1	1	0	1	0	1	5	2	8	9	6	2
novel:2_6995	2	15608695	15608777	+	83	0	0	0	0	0	0	0	1	0	0	0	0	0	0	0	0	0	0	0	0	0	0	0	0
novel:2_9340	2	24290307	24290376	-	70	1	1	1	3	4	1	0	9	9	4	9	18	2	2	0	3	2	3	4	1	12	10	10	9
novel:2_7435	2	32729356	32729407	+	52	0	0	0	0	0	0	0	0	0	0	0	0	0	0	0	0	0	0	0	0	0	0	0	0
novel:2_9606	2	32749114	32749180	-	67	24	34	16	26	0	45	25	20	12	15	19	0	16	24	13	14	28	32	58	22	10	24	18	10
novel:2_7849	2	58332338	58332400	+	63	7	12	2	11	0	18	6	30	62	58	36	13	10	6	9	22	16	13	9	4	62	74	14	20
novel:2_10147	2	74154038	74154122	-	85	108	110	219	192	429	252	254	16	12	28	25	70	106	118	86	140	174	182	224	167	55	78	70	60
known:2_8190	2	74935215	74935273	+	59	795	836	653	911	76	852	1379	1001	1367	1358	1258	53	1880	1785	681	1006	1258	1439	2124	1472	1308	1464	1808	1712
known:2_8365	2	81135692	81135755	+	64	214	245	254	264	4	371	244	394	576	738	583	6	457	432	197	333	339	497	408	292	457	570	416	415
known:2_8370	2	81162538	81162599	+	62	44	46	36	31	3	182	78	92	119	119	128	0	137	131	25	70	55	58	116	95	108	126	149	141
known:2_8562	2	92863518	92863577	+	60	1	1	1	4	0	6	0	2	10	10	7	0	10	14	2	5	7	8	6	11	7	18	20	13
novel:2_10462	2	93873105	93873162	-	58	0	0	0	0	0	0	0	2	1	1	2	0	1	2	0	0	0	0	0	0	3	4	1	0
novel:2_8613	2	95197391	95197458	+	68	0	0	0	0	0	0	0	8	17	0	3	0	0	0	0	1	0	1	2	0	1	8	0	1
novel:2_8659	2	102562011	102562081	+	71	0	0	0	0	0	1	0	0	0	0	0	0	0	0	0	0	0	0	2	1	0	0	0	0
novel:2_10621	2	104448912	104448992	-	81	5	6	10	5	0	5	2	1	3	4	3	3	7	5	2	4	1	10	3	3	0	3	2	1
novel:2_8742	2	105612171	105612243	+	73	0	0	0	0	0	0	0	0	0	0	0	0	0	0	0	0	0	0	1	0	0	0	0	0
known:2_10652	2	108588373	108588432	-	60	7261	7660	13863	12788	109	21776	15722	277	130	330	208	1	3904	4561	2880	4315	9089	11758	15899	12517	62	70	1635	1089
novel:3_10670	3	591484	591558	+	75	0	0	0	0	0	0	0	1	0	0	0	0	0	0	0	0	0	0	0	0	0	0	0	0
novel:3_10817	3	8383689	8383738	+	50	0	0	0	0	0	0	0	0	0	0	0	0	0	0	0	0	0	0	0	0	0	0	1	0
novel:3_10829	3	9255005	9255050	+	46	1	2	2	0	0	0	0	1	2	2	2	0	0	0	4	0	1	0	0	0	2	0	1	0
known:3_11129	3	29728344	29728397	+	54	5	8	26	21	0	7	10	4	7	4	14	0	10	7	3	2	12	20	19	8	5	4	11	11
known:3_11130	3	29728378	29728429	+	52	5	8	26	21	0	7	10	4	7	4	14	0	10	7	3	2	12	20	19	8	5	4	11	11
known:3_12353	3	30336775	30336821	-	47	5	8	9	15	1	11	16	12	38	14	26	0	12	19	7	14	17	13	7	7	15	29	14	16
known:3_12354	3	30336801	30336862	-	62	10	10	14	21	1	14	23	12	40	21	28	0	33	25	9	18	20	26	22	13	19	34	18	28
novel:3_12367	3	31716623	31716678	-	56	14	25	8	6	0	6	2	3	50	34	21	0	2	0	27	26	18	23	4	2	11	11	0	4
known:3_12730	3	47694965	47695025	-	61	0	1	1	1	0	1	7	0	0	3	0	0	0	0	0	2	1	1	9	8	1	1	0	0
novel:3_12751	3	48922060	48922116	-	57	2	4	2	4	0	7	5	1	5	9	3	0	8	8	5	4	1	2	5	7	7	1	4	11
known:3_11587	3	69182970	69183033	+	64	473	506	549	554	27	898	590	545	865	724	599	10	610	598	466	673	663	1016	829	567	552	742	512	526
known:3_11590	3	69184739	69184799	+	61	86	84	104	103	3	525	191	109	162	187	131	5	228	239	92	156	153	184	254	161	135	166	180	161
novel:3_13172	3	73957295	73957377	-	83	7	2	3	5	0	2	6	393	123	32	28	5	21	26	1	1	7	4	14	9	111	113	23	23
novel:3_11734	3	80375198	80375269	+	72	0	0	0	0	0	0	0	1	2	0	7	1	0	0	0	1	0	1	0	2	2	4	2	1
known:3_13463	3	91247875	91247934	-	60	38	54	26	33	0	36	38	64	81	47	58	3	34	47	40	52	71	54	57	26	57	66	31	30
known:3_13466	3	91251347	91251405	-	59	15	17	5	20	0	11	16	22	23	6	25	0	31	12	14	20	26	17	17	16	18	25	23	15
novel:4_13795	4	14881349	14881392	+	44	0	0	0	0	0	0	0	0	0	0	0	0	0	0	0	0	0	0	0	0	0	0	0	0
novel:4_15085	4	17676683	17676747	-	65	0	0	0	0	0	0	0	0	0	0	0	0	0	0	0	0	0	0	0	0	0	0	0	0
novel:4_15086	4	17676726	17676766	-	41	0	0	0	0	0	0	0	0	0	0	0	0	0	0	0	0	0	0	0	0	0	0	0	0
novel:4_13944	4	22489836	22489895	+	60	2	0	0	0	0	0	0	4	2	5	4	0	6	2	1	2	1	1	6	0	4	6	0	2
novel:4_14232	4	37728738	37728797	+	60	2	2	3	5	1	0	2	21	31	18	15	0	5	9	10	9	6	14	3	10	28	19	10	0
novel:4_15460	4	41048839	41048914	-	76	3	0	2	5	0	1	2	3	13	4	4	0	4	4	0	3	5	4	12	10	7	11	5	14
known:4_14332	4	43605854	43605914	+	61	2	3	7	9	0	26	3	0	0	0	0	0	0	0	2	0	8	6	18	7	0	1	1	0
known:4_15661	4	54721508	54721570	-	63	0	0	0	0	0	1	0	0	0	2	0	0	1	0	0	0	0	0	0	2	0	0	0	1
known:4_15805	4	65640712	65640775	-	64	1021	1045	1126	1362	14	1553	1948	2854	3931	2848	2611	18	2458	2559	958	1468	1766	2261	3257	2106	2105	2764	2518	2738
known:4_15814	4	65835083	65835142	-	60	5	4	1	2	0	8	3	2	3	0	4	0	7	2	1	7	2	4	11	4	7	6	10	6
novel:4_15836	4	68755031	68755105	-	75	0	0	0	0	0	0	1	23	11	0	0	3	0	1	0	2	1	0	0	0	7	13	0	1
novel:4_14782	4	70249695	70249757	+	63	0	2	0	1	0	1	1	1	6	2	1	0	2	4	1	2	0	5	0	3	3	0	2	0
novel:5_15931	5	4565855	4565916	+	62	21	10	33	43	2	131	106	14	19	52	39	0	125	178	12	16	51	59	134	118	33	37	131	109
novel:5_15944	5	4855028	4855084	+	57	0	0	3	0	0	14	2	0	2	3	0	0	3	4	0	1	0	4	7	5	1	1	3	5
novel:5_15951	5	4873425	4873482	+	58	0	0	1	0	1	0	0	0	3	1	8	1	0	0	0	2	1	4	0	0	6	0	3	2
novel:5_17482	5	6188628	6188676	-	49	66	49	55	65	190	41	31	18	10	24	20	60	40	43	57	94	68	81	55	66	23	18	39	17
novel:5_16087	5	9959977	9960029	+	53	0	0	0	0	0	0	0	0	0	0	0	0	0	0	0	0	0	0	0	0	0	0	0	0
known:5_16238	5	15032365	15032424	+	60	410	447	347	917	2	1670	1648	267	256	501	847	0	1602	1163	266	450	741	666	2061	1240	857	1088	1296	1239
novel:5_16439	5	20858637	20858691	+	55	0	0	2	0	0	2	0	22	13	3	5	1	2	1	0	2	2	0	1	1	7	19	2	5
novel:5_17872	5	20974539	20974598	-	60	0	0	0	0	2	1	0	0	0	1	0	0	0	0	0	1	1	0	1	0	1	0	0	2
novel:5_16540	5	23149101	23149162	+	62	0	0	0	0	0	0	0	0	0	0	0	0	0	0	0	0	0	0	0	0	0	0	0	0
novel:5_18184	5	31893706	31893750	-	45	0	0	0	2	0	0	0	23	9	1	7	0	1	4	0	0	0	1	0	0	7	9	0	1
novel:5_18682	5	52114829	52114908	-	80	1	0	0	1	0	0	0	22	5	2	1	0	1	2	0	0	0	0	4	1	9	9	1	1
novel:5_18787	5	54886586	54886626	-	41	4	4	1	4	0	2	4	1	5	1	3	1	2	1	1	3	3	4	3	1	4	2	9	2
known:5_18837	5	55616738	55616794	-	57	7	4	15	10	0	28	23	6	15	27	18	0	38	39	5	4	26	21	34	29	13	19	28	32
known:5_18838	5	55616773	55616822	-	50	6	4	15	9	0	5	17	6	11	20	11	0	29	30	3	4	19	16	26	19	10	17	24	23
known:6_18982	6	3215864	3215931	+	68	0	0	0	0	0	0	0	2	6	3	4	0	2	0	2	2	2	1	0	2	1	1	0	0
known:6_19004	6	4094588	4094648	+	61	1	11	1	3	0	5	2	11	8	6	5	0	12	10	3	5	3	1	3	1	5	9	4	7
known:6_20063	6	8365384	8365430	-	47	6	10	8	11	0	0	13	8	3	13	13	0	15	13	10	17	5	19	18	18	8	12	18	12
known:6_20064	6	8365408	8365469	-	62	6	10	8	11	0	0	13	8	3	13	13	0	15	13	10	17	5	19	18	18	8	12	18	12
novel:6_20278	6	19606061	19606101	-	41	8	5	16	6	29	14	10	43	12	24	7	17	11	9	6	4	8	6	15	9	23	28	8	12
novel:6_19624	6	29929607	29929673	+	67	2	1	1	1	0	4	1	4	3	3	2	1	5	2	0	0	0	0	1	1	3	5	2	2
novel:6_20501	6	30610132	30610195	-	64	1	1	0	1	0	1	0	30	14	3	7	0	3	7	0	0	1	2	0	1	15	8	2	9
known:6_20585	6	35267488	35267543	-	56	1	0	1	1	0	0	4	2	0	1	4	0	1	1	2	0	0	2	2	0	1	1	2	0
novel:6_20588	6	35269710	35269765	-	56	8	11	9	13	0	11	14	23	17	22	13	0	8	7	17	28	15	39	13	10	21	33	13	8
known:6_20659	6	39445224	39445285	-	62	0	0	0	0	0	0	0	0	0	1	0	0	0	0	0	0	0	0	0	1	0	0	0	0
known:6_19865	6	44167836	44167893	+	58	14	18	22	13	1	78	23	0	0	1	1	1	6	7	14	13	15	16	30	17	0	0	6	4
novel:7_22056	7	661443	661496	-	54	0	0	0	0	0	3	3	1	2	3	1	0	3	1	0	1	1	1	1	5	2	0	7	0
known:7_21008	7	5989657	5989715	+	59	55	60	40	84	0	5	28	150	244	188	193	2	103	70	89	98	77	74	45	34	147	218	64	51
novel:7_22350	7	12055175	12055231	-	57	11	26	36	33	2	70	26	16	40	93	72	4	70	70	22	27	45	75	65	35	67	61	78	76
known:7_22453	7	15768371	15768428	-	58	4	6	5	7	0	1	3	1	10	32	12	0	2	8	11	14	35	29	23	21	18	29	21	21
known:7_22454	7	15768407	15768494	-	88	4	6	4	7	0	1	3	0	9	27	12	0	1	8	9	12	34	29	20	20	16	26	20	20
known:7_22504	7	17661314	17661373	-	60	118	165	45	74	0	49	58	187	208	170	228	1	197	174	110	165	116	129	86	51	187	223	163	136
novel:7_22526	7	18301944	18302004	-	61	10	0	15	13	1	33	13	20	19	32	19	0	22	9	4	9	17	27	15	7	29	25	14	19
novel:7_22622	7	22465830	22465910	-	81	0	0	3	0	0	2	0	21	0	1	4	0	5	5	0	0	0	0	3	2	12	12	4	6
novel:7_22663	7	22492931	22492990	-	60	39	51	52	63	13	127	72	320	113	106	110	34	223	201	51	73	80	90	169	144	292	288	245	224
known:7_21961	7	34144902	34144957	+	56	19	18	13	8	0	61	20	27	46	37	38	0	24	24	23	22	15	27	12	15	27	28	15	17
novel:8_23827	8	5251078	5251142	-	65	1	0	0	4	0	0	1	10	11	2	4	0	1	0	3	5	0	1	7	2	6	7	6	4
novel:8_23877	8	8584878	8584963	-	86	0	1	0	0	0	0	0	0	0	1	1	0	0	0	0	0	0	0	0	0	0	0	0	0
known:8_24156	8	18806911	18806969	-	59	3	1	0	4	0	3	5	5	4	3	11	0	1	3	2	1	2	0	4	1	2	7	3	3
known:8_23454	8	22494140	22494199	+	60	1056	1240	1381	1247	13	937	1259	2414	2420	3384	2418	9	4701	5260	1027	1431	1407	2069	1908	1221	2108	2983	3317	3214
novel:8_24340	8	28418094	28418154	-	61	5	3	17	13	1	101	41	0	0	0	0	0	13	21	0	1	9	7	57	39	1	1	7	2
known:9_24500	9	378836	378891	+	56	13	9	8	16	0	9	4	33	42	19	39	0	12	12	4	24	27	35	13	3	29	41	15	17
novel:9_24578	9	1207564	1207605	+	42	0	0	0	1	0	0	0	0	1	0	0	0	1	0	0	0	0	0	1	0	0	0	1	0
known:9_25110	9	3990546	3990609	-	64	557	601	286	637	1	517	764	998	1272	915	1581	10	1755	1211	635	907	1004	866	1223	754	1810	2286	1954	1938
known:9_25111	9	3990685	3990746	-	62	49	49	29	36	0	108	26	180	253	267	142	2	55	61	44	67	60	83	32	30	141	200	87	90
known:9_25114	9	3990845	3990903	-	59	0	0	0	0	0	1	0	0	0	0	0	4	0	0	1	4	0	0	2	0	0	0	0	0
known:9_25115	9	3990983	3991040	-	58	1065	1083	528	1265	1	894	1460	1519	1794	1449	3009	4	3243	2304	1143	1648	1849	1576	2431	1363	3240	3829	3760	3757
known:9_25118	9	3991171	3991231	-	61	64	69	43	69	0	34	53	255	220	220	148	18	109	107	64	73	82	95	73	46	177	166	145	128
known:9_25119	9	3991304	3991360	-	57	20	8	6	8	0	9	24	28	21	21	32	0	44	34	8	28	15	18	32	19	46	44	48	31
known:9_25123	9	4069234	4069290	-	57	10	7	5	11	0	14	11	30	26	20	21	2	32	22	4	17	18	12	21	10	22	35	25	19
novel:9_25134	9	4262900	4262938	-	39	0	0	0	0	0	0	0	0	0	0	0	0	2	0	0	0	0	0	0	0	0	0	0	0
novel:9_24822	9	16246879	16246938	+	60	0	1	0	1	0	1	3	36	5	2	4	0	2	3	0	0	0	2	0	2	5	12	1	2
novel:9_24868	9	16534656	16534720	+	65	0	0	0	0	0	0	0	0	0	0	2	0	0	0	0	0	0	0	0	0	0	0	0	0
novel:9_25370	9	17266471	17266546	-	76	0	0	0	0	0	0	0	0	0	0	1	0	0	0	0	0	0	0	0	0	0	0	0	0
known:10_26265	10	8247970	8248028	-	59	8	6	1	4	1	8	7	7	12	8	11	2	12	6	5	10	15	18	5	12	5	14	7	12
known:10_26267	10	8248151	8248212	-	62	7	6	9	6	0	7	6	44	17	9	5	0	3	8	13	11	7	7	7	15	7	4	3	4
known:10_26346	10	10978700	10978758	-	59	329	439	500	470	18	1657	934	406	653	472	331	7	440	523	276	383	514	714	926	743	318	357	346	378
known:10_25657	10	10978701	10978758	+	58	53	65	37	63	1	264	114	66	67	59	87	1	143	128	46	74	64	76	158	112	66	84	127	111
known:10_26347	10	10984524	10984583	-	60	0	0	1	1	0	0	3	2	0	1	2	0	0	1	0	0	7	0	2	2	0	1	0	0
novel:10_25692	10	11098977	11099031	+	55	1	0	1	4	0	0	0	89	20	13	2	3	6	2	0	1	1	1	0	1	21	19	4	3
novel:10_25711	10	11638406	11638466	+	61	0	0	0	2	1	0	0	69	19	4	7	0	1	2	1	0	0	3	1	2	10	26	5	3
novel:10_26446	10	13847724	13847781	-	58	0	4	1	3	0	6	1	0	7	4	0	0	7	7	3	0	0	0	2	1	0	0	1	6
known:10_26467	10	13875840	13875901	-	62	1	4	2	4	0	14	6	0	0	1	5	0	2	7	0	0	1	0	5	0	0	2	2	5
novel:10_25885	10	18358903	18358988	+	86	0	0	0	0	0	0	0	0	0	0	0	0	0	0	0	0	0	0	0	0	0	0	0	0
novel:10_26581	10	18610333	18610405	-	73	0	2	0	0	0	1	0	4	3	0	1	0	0	4	0	0	0	0	2	0	1	7	2	1
known:10_26602	10	19032180	19032234	-	55	4	4	0	8	0	1	1	4	4	3	2	0	6	6	1	3	3	1	4	3	4	6	5	4
known:11_28053	11	21890333	21890393	-	61	21	34	37	26	3	51	43	70	99	129	76	17	145	174	34	69	34	40	91	63	92	110	117	118
known:11_28054	11	21890373	21890450	-	78	0	1	0	2	0	1	2	15	17	7	4	0	7	1	2	2	2	2	0	2	10	18	3	5
known:11_28055	11	21890502	21890560	-	59	68	72	59	31	1	50	40	198	269	302	181	3	116	140	93	115	69	91	69	49	163	216	118	112
novel:11_27405	11	22600277	22600332	+	56	0	0	0	0	0	0	0	0	0	0	0	0	0	0	0	0	0	0	0	0	0	0	0	0
novel:11_27410	11	22769107	22769153	+	47	0	0	0	0	0	0	0	0	0	0	0	0	0	0	0	0	0	0	0	0	0	0	0	0
novel:12_28652	12	1704547	1704622	-	76	0	0	0	0	0	0	0	25	17	5	7	0	0	2	0	0	0	0	0	0	16	13	7	2
novel:12_28262	12	5634902	5634972	+	71	2	7	3	2	0	7	1	5	2	5	1	0	0	1	3	7	3	3	0	1	2	6	1	1
known:12_28266	12	5704844	5704901	+	58	0	0	0	0	0	1	0	0	1	0	0	0	0	0	0	0	0	0	0	0	0	0	0	0
known:12_28769	12	7103037	7103094	-	58	41	38	33	75	0	79	93	3	31	55	96	0	92	64	34	49	56	61	194	82	75	89	110	84
novel:12_28932	12	11593194	11593268	-	75	0	0	0	0	0	0	0	3	2	1	0	0	3	0	0	0	0	0	1	0	0	4	3	0
known:12_28410	12	12373826	12373886	+	61	53	43	40	84	0	222	134	41	84	51	77	0	218	207	44	84	98	110	275	210	83	95	194	208
known:12_28957	12	12373826	12373887	-	62	0	0	0	0	0	0	0	0	2	0	0	0	0	0	0	0	0	0	2	0	0	0	0	0
novel:12_28530	12	18270919	18270979	+	61	0	2	2	0	0	4	3	1	6	1	2	0	4	5	0	2	1	1	0	2	8	5	0	1
known:12_29130	12	19233782	19233843	-	62	570	626	848	786	6	1821	911	399	760	1306	904	4	1530	1770	333	429	621	954	1604	1270	392	485	1038	1029
known:13_29484	13	11665266	11665331	+	66	1	0	0	0	0	0	0	0	0	0	1	0	1	2	0	0	0	1	3	0	1	0	0	0
novel:13_29602	13	16953571	16953630	+	60	7	8	5	4	3	4	8	1	7	9	2	0	16	17	11	9	13	8	13	3	10	13	13	9
known:13_29610	13	17406386	17406447	+	62	250	255	152	312	1	459	538	322	473	283	481	2	659	532	284	427	385	440	671	404	563	622	588	664
novel:14_30603	14	287642	287708	-	67	10	10	4	1	0	4	2	109	76	59	67	5	32	32	3	9	17	10	17	10	57	73	60	64
novel:14_30634	14	1712065	1712119	-	55	2	0	5	1	0	3	1	1	0	3	0	0	2	5	2	5	3	5	4	2	2	1	1	6
novel:14_30646	14	2220062	2220124	-	63	1	0	0	0	0	0	2	2	1	4	0	0	4	1	0	2	0	1	3	2	8	3	1	4
known:14_30665	14	2571068	2571146	-	79	1692	1747	1477	1888	3	7399	3195	2740	3326	2811	2771	7	3482	3664	1503	2348	2461	2693	4341	2996	3309	4058	3746	3821
known:14_30667	14	2592881	2592941	-	61	0	0	0	0	0	0	0	0	0	0	0	0	0	0	0	0	0	0	0	0	0	0	0	0
novel:14_30735	14	5704964	5705039	-	76	35	49	72	48	2	525	105	54	76	103	81	3	120	129	54	57	55	96	156	115	79	97	120	125
known:14_30737	14	5706180	5706257	-	78	4575	5469	8349	6033	67	33277	9183	6381	10263	14519	7692	82	10461	11921	4699	6515	7227	11033	13145	10291	7885	9778	10618	10583
known:14_30738	14	5706236	5706309	-	74	4523	5397	8271	5997	26	33189	9114	6253	10098	14304	7578	39	10309	11772	4634	6428	7158	10936	13018	10220	7780	9651	10493	10441
known:14_30739	14	5706606	5706678	-	73	3	2	2	7	1	2	3	11	2	2	4	1	3	8	4	7	3	7	4	1	4	7	3	3
novel:14_30286	14	8867017	8867076	+	60	1	4	1	2	3	0	0	1	1	0	0	0	0	0	0	1	2	0	1	0	2	1	2	0
known:14_30380	14	11293419	11293478	+	60	1330	1370	1242	1599	12	2759	1832	1795	2131	2139	2152	6	2563	2568	1097	1634	1989	2410	2587	1773	1924	2311	2521	2526
known:14_30382	14	11293807	11293869	+	63	354	402	429	449	48	456	601	365	507	739	581	19	841	984	317	488	635	744	880	628	545	665	833	825
novel:14_30384	14	11294071	11294128	+	58	95	103	64	139	2	302	141	93	118	107	197	2	202	166	63	119	119	118	166	80	122	145	169	195
novel:14_30459	14	13309304	13309365	+	62	0	0	0	0	0	0	0	0	0	0	0	0	0	0	0	0	0	0	0	0	0	0	0	0
novel:14_30528	14	17987287	17987355	+	69	1	5	2	5	6	8	4	7	11	10	7	18	5	5	1	8	4	3	6	3	7	6	3	5
known:15_31084	15	3841261	3841323	+	63	0	0	0	0	0	0	0	0	0	0	0	0	0	2	0	0	0	0	1	0	0	0	0	0
known:15_31095	15	3965478	3965537	+	60	1	0	0	0	0	1	0	1	2	1	0	1	3	0	0	2	0	0	0	0	2	2	0	1
known:15_31729	15	7016378	7016442	-	65	1	0	1	1	0	1	7	1	2	2	1	0	2	0	1	1	2	0	3	0	1	0	7	2
known:15_31730	15	7016424	7016467	-	44	1	0	1	1	0	1	7	1	2	2	1	0	2	0	1	1	2	0	3	0	1	0	7	2
known:15_31741	15	7456561	7456611	-	51	196	197	228	234	4	253	214	245	333	307	233	0	201	230	142	209	243	347	241	195	253	324	221	177
known:15_31742	15	7456590	7456647	-	58	199	197	228	235	4	253	214	245	333	308	234	0	201	230	142	209	243	351	241	195	252	324	222	177
known:15_31747	15	7714129	7714187	-	59	554	570	330	568	7	720	1033	1006	1039	1023	1212	8	1502	1422	680	1138	1099	1271	2488	1698	2240	2718	1872	1890
known:15_31750	15	7714723	7714777	-	55	1146	1130	686	1433	16	1786	2521	1897	2657	1580	2919	19	3492	2972	1727	2638	2505	2563	5859	3875	4665	6406	4653	4772
novel:15_31806	15	9406335	9406392	-	58	5	11	14	10	0	6	10	5	9	4	8	0	6	1	4	12	7	14	13	11	7	4	1	3
novel:15_31179	15	9620547	9620600	+	54	7	8	5	7	0	9	7	14	23	8	8	0	14	5	3	8	8	17	13	6	20	16	14	5
novel:15_31372	15	12782401	12782464	+	64	0	0	0	1	0	0	2	17	6	5	5	0	1	0	0	0	4	1	0	1	9	13	3	2
novel:16_32086	16	1413896	1413951	+	56	0	0	0	0	0	0	1	1	0	1	0	0	0	1	1	5	0	1	0	0	3	2	0	2
novel:16_32168	16	4896163	4896202	+	40	0	0	0	0	0	0	0	0	0	0	0	0	0	0	0	0	0	0	0	0	0	0	0	0
novel:16_32732	16	6765902	6765970	-	69	0	0	0	0	0	0	0	0	0	0	0	0	0	0	0	0	0	0	0	0	0	0	0	0
known:16_32789	16	8606239	8606298	-	60	37	47	26	43	0	29	43	62	125	77	78	1	58	55	38	53	62	79	69	39	64	72	57	61
novel:16_32384	16	9527452	9527538	+	87	0	0	0	0	0	2	0	7	7	1	6	0	6	4	1	4	0	0	2	1	1	5	3	6
novel:16_32895	16	11404749	11404806	-	58	4	5	4	6	0	3	7	1	1	5	1	0	8	7	7	8	8	7	7	4	1	7	4	5
novel:16_32899	16	11480232	11480300	-	69	0	0	0	2	0	0	3	41	12	6	2	0	0	3	0	0	0	0	0	0	8	8	2	3
novel:16_32447	16	12394904	12394963	+	60	1	0	0	0	0	0	0	0	0	0	0	0	0	0	1	1	1	0	0	0	0	0	0	0
known:16_32477	16	12658135	12658190	+	56	0	0	0	0	0	0	0	1	4	2	2	0	1	0	0	0	0	0	1	0	2	2	1	2
known:17_33430	17	441859	441919	-	61	2964	3346	2792	3640	8	10737	4107	4154	5468	4835	5093	10	5347	5303	3309	4780	4766	5644	6361	4392	5094	6547	4962	4771
known:17_33432	17	442986	443048	-	63	765	830	782	942	9	1746	1268	934	1206	1303	1345	4	1730	1664	885	1253	1326	1581	1966	1466	1337	1811	1634	1724
known:17_33436	17	449492	449552	-	61	266	254	198	351	0	1339	429	140	248	313	442	1	1379	926	177	244	274	541	619	355	458	504	873	657
known:17_33438	17	450813	450869	-	57	539	520	255	738	3	1670	948	686	1095	549	1343	5	1507	970	568	801	834	633	1439	802	931	1210	1308	1291
known:17_33024	17	801023	801085	+	63	21	29	14	44	0	37	28	14	56	28	46	0	39	36	38	32	40	38	56	48	31	43	55	43
known:17_33036	17	1333481	1333540	+	60	29	22	26	33	1	80	77	32	48	47	33	2	58	48	16	17	53	57	97	61	31	36	38	57
known:17_33061	17	2285669	2285730	+	62	3	4	12	8	0	48	10	3	4	1	4	0	1	3	4	2	3	7	12	3	0	4	0	3
novel:17_33099	17	4762351	4762406	+	56	1	3	1	2	0	2	0	3	7	5	2	1	2	2	1	0	1	2	0	2	3	1	2	2
novel:17_33816	17	11315295	11315357	-	63	3	2	0	1	0	0	3	3	4	11	2	0	4	5	2	0	1	1	2	4	4	4	1	4
novel:18_33874	18	218061	218147	+	87	0	0	0	0	0	0	0	0	0	0	0	0	0	0	0	0	0	0	0	0	0	0	0	0
known:19_33977	19	4590777	4590836	+	60	294	301	146	217	5	711	352	310	371	303	294	15	229	233	457	641	401	516	842	645	586	670	368	415
known:19_34480	19	4836117	4836172	-	56	21	18	29	42	0	103	58	27	32	41	69	0	53	65	22	34	54	41	64	35	47	44	61	36
known:19_33998	19	4921900	4921959	+	60	0	0	0	0	0	0	0	2	0	0	0	0	1	0	1	1	0	0	0	0	0	0	0	1
novel:19_34501	19	5599382	5599438	-	57	0	3	1	0	0	0	0	1	13	3	5	1	0	1	1	4	4	2	0	0	1	3	0	1
novel:19_34130	19	7275336	7275393	+	58	2	2	3	4	0	3	2	1	18	7	10	0	10	9	0	2	5	12	8	7	3	4	6	4
known:19_34603	19	7573672	7573730	-	59	3	6	6	19	0	8	7	2	10	16	13	0	12	9	8	6	9	15	24	6	11	8	6	9
known:19_34242	19	9329350	9329410	+	61	24	16	27	25	0	28	24	17	9	5	7	3	8	6	13	18	27	46	31	24	4	12	7	2
known:19_34244	19	9330963	9331019	+	57	13	22	23	24	11	26	22	4	6	10	7	4	8	10	14	27	35	34	45	19	5	14	3	10
novel:20_34734	20	1075575	1075621	+	47	0	0	0	0	0	0	0	0	0	0	0	0	0	0	0	0	0	0	0	0	0	0	0	0
known:20_35137	20	4377685	4377770	-	86	0	0	0	0	0	0	0	0	0	0	1	0	0	0	0	0	0	0	0	0	0	0	1	0
known:20_35138	20	4377749	4377808	-	60	0	0	0	0	0	0	0	0	0	0	0	0	0	0	0	1	0	1	1	0	0	0	0	1
known:20_35276	20	8425825	8425881	-	57	0	0	1	0	0	5	1	3	8	16	3	3	4	2	0	0	3	1	4	1	1	12	4	2
known:21_35760	21	462266	462328	-	63	198	237	161	350	4	102	372	490	492	418	486	2	685	523	269	418	445	436	625	425	607	792	625	576
novel:21_35375	21	810712	810759	+	48	661	701	773	851	14	2227	855	1477	2288	2306	1919	22	1383	1424	657	870	1025	1460	1669	1377	1829	2007	2291	2347
novel:21_35828	21	1396286	1396371	-	86	2	0	1	0	0	1	5	2	0	0	2	0	2	3	0	1	1	2	1	2	1	1	3	5
novel:21_35916	21	5401836	5401919	-	84	0	2	1	5	0	0	0	23	7	9	6	0	1	2	0	2	2	0	0	0	10	9	2	4
known:21_35618	21	8163221	8163281	+	61	9433	11970	17978	13950	86	14786	15816	24673	43134	44779	30294	87	30886	33381	15046	20446	17256	28580	31971	22495	25089	37258	28688	28930
known:21_35971	21	8326755	8326814	-	60	6	10	0	6	0	4	8	7	4	7	9	0	14	3	7	5	8	3	3	5	18	13	8	8
known:21_35974	21	8327051	8327108	-	58	346	315	174	518	0	1599	788	389	389	263	606	1	884	500	336	488	518	401	1076	572	606	752	733	731
known:22_36185	22	5797724	5797784	+	61	5	11	10	6	0	3	9	30	27	9	9	1	4	6	13	18	8	12	8	8	16	13	5	8
known:22_36202	22	7155940	7156016	+	77	0	0	0	0	0	2	0	0	0	0	0	0	0	0	0	0	0	0	0	0	0	0	0	0
known:22_36203	22	7181480	7181540	+	61	1	4	10	5	0	6	11	0	0	0	0	0	0	1	0	1	7	3	13	11	0	0	0	0
novel:22_36689	22	11661914	11661972	-	59	6	9	14	11	2	50	24	0	0	0	2	0	7	8	3	5	9	21	25	15	1	0	11	5
novel:23_37154	23	1514531	1514594	-	64	2	0	0	0	1	1	0	0	2	0	1	0	0	1	0	0	0	0	2	0	5	7	1	0
known:23_37161	23	2041342	2041406	-	65	289	224	99	458	1	225	742	165	252	152	386	2	572	301	429	588	768	626	1538	802	527	643	576	529
novel:23_37179	23	2266578	2266630	-	53	0	0	0	0	0	0	0	6	1	0	2	0	0	1	0	0	0	0	0	0	3	9	1	0
known:23_37192	23	2722141	2722197	-	57	6	5	5	4	0	3	2	15	37	29	26	0	10	10	7	9	7	16	12	6	30	31	8	7
novel:23_37081	23	6341140	6341205	+	66	3	0	0	0	0	10	2	0	0	0	0	0	3	5	0	0	0	1	0	0	0	0	1	0
known:24_37545	24	2631793	2631852	-	60	1	1	2	7	0	6	11	26	17	4	5	0	2	2	1	0	2	4	15	19	2	7	2	1
novel:24_37459	24	3946048	3946129	+	82	0	0	0	0	0	0	0	4	1	3	0	0	1	0	0	0	0	0	0	0	4	1	2	0
known:25_37671	25	2689509	2689572	+	64	13	9	199	138	0	124	99	1	7	29	21	0	26	38	6	14	71	71	166	121	25	34	34	40
novel:25_38018	25	4755200	4755263	-	64	2	4	1	1	0	3	5	10	13	9	10	1	6	2	6	2	10	8	5	3	11	13	5	8
known:26_38160	26	3399540	3399596	+	57	324	322	203	311	1	182	351	1018	1081	905	1165	0	1137	1001	438	578	500	733	556	440	1390	1783	1356	1325
known:26_38162	26	3407622	3407688	+	67	20	38	12	17	2	69	25	156	176	140	151	2	102	71	31	61	31	54	33	28	186	233	116	120
known:26_38176	26	3422898	3422958	+	61	11	19	14	11	0	18	10	82	81	53	55	0	54	37	13	30	19	15	30	28	61	67	36	38
novel:28_38799	28	375381	375438	-	58	1	0	1	1	0	2	0	4	5	1	0	0	1	0	4	5	2	1	0	0	0	4	0	1
novel:28_38633	28	723902	723956	+	55	3	2	0	1	0	1	0	3	3	0	0	0	0	0	1	4	1	3	1	3	1	2	0	1
novel:28_38662	28	1415741	1415801	+	61	5	6	5	3	0	10	19	6	9	11	11	0	34	32	4	8	10	12	17	17	15	15	21	31
known:28_38834	28	2172121	2172178	-	58	0	0	0	0	0	0	0	0	0	0	0	0	0	0	0	0	0	0	0	0	0	0	0	0
known:28_38836	28	2173018	2173078	-	61	0	0	0	0	0	0	0	0	0	0	0	0	0	0	0	0	0	0	0	0	0	0	0	0
known:28_38877	28	2792071	2792131	-	61	0	0	0	0	0	1	0	0	0	0	0	0	0	0	0	0	0	0	0	0	0	0	0	0
novel:28_38882	28	3127358	3127431	-	74	0	0	0	0	0	0	0	0	0	0	0	0	0	0	0	0	0	0	0	0	0	0	0	1
known:28_38887	28	3315764	3315842	-	79	94	79	91	103	11	300	170	114	134	238	153	12	301	278	65	94	121	174	276	193	171	183	268	256
known:28_38889	28	3315969	3316040	-	72	1005	1139	1275	1072	9	4781	1554	1279	2122	2474	1445	2	1710	1969	937	1327	1369	1834	2252	1743	1679	2083	1623	1618
novel:28_38749	28	4139133	4139202	+	70	1	0	1	0	1	3	1	10	13	3	0	0	4	3	0	3	0	2	5	5	1	4	0	4
novel:29_39117	29	410746	410825	-	80	0	0	0	5	0	0	0	18	13	4	5	1	1	0	0	0	0	0	1	2	4	9	4	0
novel:29_38982	29	2236063	2236121	+	59	2	8	1	5	0	2	2	21	32	19	16	0	0	2	0	4	3	6	3	3	9	17	6	3
known:29_39019	29	2809528	2809578	+	51	0	0	0	0	0	0	0	0	2	0	0	0	0	0	0	0	0	0	0	1	0	0	0	2
known:29_39020	29	2809557	2809616	+	60	0	0	0	0	0	0	0	0	2	0	0	0	0	0	0	0	0	0	0	1	0	0	0	2
novel:30_39627	30	1279605	1279688	-	84	1	0	0	3	0	5	1	7	0	3	1	0	2	2	3	1	0	1	2	0	1	1	1	2
known:30_39328	30	1372842	1372935	+	94	0	0	0	2	0	2	2	1	5	0	0	0	0	0	0	0	0	0	1	0	0	3	2	1
novel:30_39714	30	3396118	3396176	-	59	1	1	2	4	0	1	0	79	15	5	4	2	1	6	0	0	0	2	2	3	27	40	4	5
known:30_39793	30	4535638	4535697	-	60	0	0	0	0	0	0	0	1	0	0	0	0	0	0	0	0	0	0	0	0	0	0	0	0
novel:30_39533	30	4535640	4535696	+	57	0	0	0	0	0	0	0	0	0	0	0	0	0	0	0	0	0	0	0	0	0	0	0	0
novel:ADDD02065548.1_45943	ADDD02065548.1	225	298	+	74	1	1	0	0	0	0	1	11	9	10	1	0	6	3	0	2	0	0	3	0	8	5	5	9
novel:ADDD02066171.1_43681	ADDD02066171.1	1606	1671	-	66	0	0	0	0	0	0	0	0	0	0	0	0	0	0	0	0	0	0	0	0	0	0	0	0
novel:ADDD02107929.1_45928	ADDD02107929.1	140	178	-	39	33	25	27	50	206	29	85	280	151	140	185	550	253	183	28	41	43	46	55	50	288	352	232	224
novel:ADDD02145688.1_45896	ADDD02145688.1	12	52	-	41	0	0	0	0	0	0	0	0	0	0	0	0	0	0	0	0	0	0	0	0	0	0	0	0
novel:ADDD02159738.1_43299	ADDD02159738.1	2819	2889	+	71	0	0	2	2	0	0	3	67	14	4	9	2	5	5	0	0	1	1	1	0	25	24	5	1
novel:ADDD02192598.1_43598	ADDD02192598.1	1470	1525	+	56	25	27	19	42	1	58	85	5	6	6	1	0	28	28	19	7	29	38	142	87	4	7	7	7
novel:ADDD02200358.1_45978	ADDD02200358.1	272	336	-	65	0	0	1	0	1	2	0	1	0	0	1	0	1	2	1	0	1	0	0	0	0	0	0	0
novel:ADDD02235286.1_43596	ADDD02235286.1	250	290	+	41	3	1	2	2	0	4	3	20	7	11	12	5	4	2	0	1	1	0	6	2	8	2	0	5
novel:ADDD02247079.1_45529	ADDD02247079.1	106	173	+	68	0	0	3	0	0	1	0	20	1	0	0	0	0	0	0	0	1	3	0	0	5	0	1	1
known:ADDD02262809.1_45313	ADDD02262809.1	79	136	-	58	0	1	1	0	0	0	0	1	1	0	2	0	1	0	0	0	1	2	0	1	1	0	2	0
novel:ADDD02295632.1_44390	ADDD02295632.1	477	562	+	86	0	0	0	0	0	0	0	0	0	0	0	0	0	1	0	0	0	0	0	0	2	0	1	0
novel:KN386359.1_43448	KN386359.1	1417	1482	-	66	0	0	0	0	0	0	0	0	0	0	1	0	0	1	0	0	0	0	0	1	0	0	1	0
novel:KN386979.1_42592	KN386979.1	27032	27096	-	65	0	4	1	0	3	11	11	6	8	6	5	4	9	7	3	0	1	1	13	4	7	7	8	3
known:KN387131.1_43410	KN387131.1	3928	3993	+	66	137	126	96	194	0	114	271	118	227	142	208	2	276	233	131	192	280	269	386	282	249	275	302	319
novel:KN387179.1_43215	KN387179.1	69	158	+	90	0	0	0	2	0	2	0	0	4	1	1	0	0	3	0	0	0	0	9	2	0	2	4	3
novel:KN387754.1_42745	KN387754.1	16762	16825	-	64	1	2	4	4	0	5	3	11	13	4	8	1	15	9	2	1	3	5	5	6	7	21	16	16
novel:KN387764.1_42456	KN387764.1	30930	30970	-	41	2	0	1	8	0	3	0	6	2	1	1	0	0	0	1	0	0	2	5	0	0	0	2	2
novel:KN388950.1_43297	KN388950.1	3368	3431	-	64	0	0	1	2	1	1	2	1	1	1	2	0	3	2	0	0	0	0	4	1	2	6	2	2
known:KN389462.1_42287	KN389462.1	81187	81242	-	56	9	13	17	15	0	46	11	21	40	43	17	0	12	15	6	12	14	14	13	26	23	14	11	10
known:Z_41273	Z	15301865	15301922	-	58	1	2	0	2	0	0	0	7	11	6	3	0	13	9	1	0	4	8	5	1	14	4	7	5
known:Z_40359	Z	25670659	25670713	+	55	3	4	2	1	0	5	2	3	12	7	4	0	6	2	2	1	5	13	2	2	8	10	5	1
known:Z_41603	Z	32170087	32170146	-	60	0	1	0	0	0	0	0	0	1	0	0	0	0	0	0	0	0	0	0	2	0	0	0	0
novel:Z_40497	Z	35282015	35282060	+	46	0	0	0	0	0	0	0	0	1	1	0	0	0	0	0	0	0	0	0	0	0	0	0	1
known:Z_41668	Z	36485585	36485643	-	59	0	0	0	0	0	1	0	1	0	0	0	0	1	0	31	48	27	72	72	49	51	93	76	64
novel:Z_40501	Z	36487658	36487715	+	58	0	0	0	0	0	0	0	0	0	0	0	0	0	0	0	0	0	0	0	0	0	0	0	0
known:Z_40517	Z	37852214	37852271	+	58	10290	12014	15169	14042	89	36296	25707	16698	23968	27185	19655	79	26047	30617	9332	14302	19608	25253	33092	23970	19841	25250	25391	25274
known:Z_40519	Z	37852454	37852516	+	63	418	467	268	668	14	312	903	656	882	609	986	17	1296	969	471	679	760	733	1177	689	973	1240	1051	1006
known:Z_40521	Z	37852978	37853037	+	60	4329	4877	5148	7159	72	22314	12042	7751	9370	8201	9532	75	13442	12372	4254	5909	7695	8839	14611	10150	9425	12960	11793	11185
known:Z_41731	Z	40501611	40501687	-	77	33	22	19	13	2	23	9	34	49	45	38	5	19	29	14	13	20	34	17	15	25	21	20	13
known:Z_41732	Z	40501666	40501722	-	57	48	26	33	23	4	48	22	57	81	68	50	6	41	43	18	19	37	51	24	26	31	30	28	26
novel:Z_41883	Z	49111519	49111581	-	63	0	0	1	1	0	1	0	0	0	0	0	0	0	0	0	0	0	0	2	2	0	0	0	0
novel:Z_41923	Z	51602758	51602823	-	66	0	0	0	0	0	0	0	0	0	0	0	0	0	0	0	0	0	0	0	0	0	0	0	0
known:Z_42164	Z	63316265	63316329	-	65	16	23	26	22	0	13	20	29	40	48	44	0	30	27	14	17	18	24	35	9	34	31	23	25
novel:Z_42226	Z	68201707	68201771	-	65	0	0	0	0	0	0	0	0	1	0	1	0	1	0	0	0	0	1	0	0	0	0	0	0
