# Program:featureCounts v2.0.3; Command:"/home/reedkm/shared/RIS_Projects/Software/subread-2.0.3-Linux-x86_64/bin/featureCounts" "-Q" "10" "-s" "1" "-T" "12" "-F" "SAF" "-a" "/home/reedkm/shared/RIS_Projects/Reed_Project_016/miRNA_Expression/Turkey_miRNAs.saf" "-M" "-O" "-o" "/home/reedkm/shared/RIS_Projects/Reed_Project_016/miRNA_Expression/Counts/miRNA_Expression.bt.txt" "NCT_48_38_33_101_smRNA_S34" "NCT_48_38_33_102_smRNA_S35" "NCT_48_38_38_61_smRNA_S45" "NCT_48_38_38_62_smRNA_S46" "NCT_48_38_38_R_smRNA_S37" "NCT_48_38_43_51_smRNA_S32" "NCT_48_38_43_52_smRNA_S33" "NCT_72_33_32_smRNA_S31" "NCT_72_33_53_smRNA_S44" "NCT_72_38_71_smRNA_S47" "NCT_72_38_73_smRNA_S48" "NCT_72_38_R_smRNA_S36" "NCT_72_43_21_smRNA_S29" "NCT_72_43_22_smRNA_S30" "RBC2_48_38_33_101_smRNA_S27" "RBC2_48_38_33_102_smRNA_S28" "RBC2_48_38_38_12_smRNA_S38" "RBC2_48_38_38_14_smRNA_S39" "RBC2_48_38_43_22_smRNA_S40" "RBC2_48_38_43_24_smRNA_S41" "RBC2_72_38_11_smRNA_S25" "RBC2_72_38_12_smRNA_S26" "RBC2_72_43_41_smRNA_S42" "RBC2_72_43_42_smRNA_S43" 
Geneid	Chr	Start	End	Strand	Length	NCT_48_38_33_101_smRNA_S34	NCT_48_38_33_102_smRNA_S35	NCT_48_38_38_61_smRNA_S45	NCT_48_38_38_62_smRNA_S46	NCT_48_38_38_R_smRNA_S37	NCT_48_38_43_51_smRNA_S32	NCT_48_38_43_52_smRNA_S33	NCT_72_33_32_smRNA_S31	NCT_72_33_53_smRNA_S44	NCT_72_38_71_smRNA_S47	NCT_72_38_73_smRNA_S48	NCT_72_38_R_smRNA_S36	NCT_72_43_21_smRNA_S29	NCT_72_43_22_smRNA_S30	RBC2_48_38_33_101_smRNA_S27	RBC2_48_38_33_102_smRNA_S28	RBC2_48_38_38_12_smRNA_S38	RBC2_48_38_38_14_smRNA_S39	RBC2_48_38_43_22_smRNA_S40	RBC2_48_38_43_24_smRNA_S41	RBC2_72_38_11_smRNA_S25	RBC2_72_38_12_smRNA_S26	RBC2_72_43_41_smRNA_S42	RBC2_72_43_42_smRNA_S43
novel:1_3760	1	1220640	1220708	-	69	0	0	3	1	0	11	5	5	8	0	4	0	2	2	2	1	2	7	2	3	7	6	3	4
known:1_3761	1	1358425	1358483	-	59	0	0	1	0	0	19	4	2	0	0	0	0	0	0	0	1	0	0	24	12	0	0	0	0
novel:1_3764	1	1436169	1436246	-	78	0	0	0	0	0	0	0	0	0	0	0	0	0	0	0	0	0	0	0	0	0	0	0	0
novel:1_49	1	2330667	2330708	+	42	0	0	0	0	0	1	0	0	0	0	0	0	0	0	0	0	0	0	0	0	0	0	0	0
novel:1_52	1	2628402	2628446	+	45	0	0	0	0	0	0	0	0	0	0	0	0	0	0	0	0	0	0	0	0	0	0	0	0
known:1_61	1	3159077	3159137	+	61	116	134	88	74	1	123	78	270	519	397	381	1	183	228	140	221	159	203	121	86	362	430	289	289
known:1_65	1	3160088	3160146	+	59	128	110	60	169	0	45	105	196	222	231	396	3	340	174	151	249	207	324	197	130	392	542	354	274
novel:1_85	1	4152306	4152366	+	61	1	2	1	1	0	1	2	1	7	2	1	0	0	0	5	7	2	4	2	0	4	2	0	0
novel:1_351	1	24081583	24081619	+	37	3	4	3	1	0	0	0	28	22	7	9	0	3	0	6	3	6	5	6	4	15	16	1	0
known:1_430	1	32547901	32547978	+	78	1021	1104	963	1203	10	3410	1883	1051	1576	1185	1446	2	1764	1915	938	1405	1552	1736	2609	2086	1729	2045	1931	1953
known:1_732	1	44631121	44631180	+	60	1	0	0	1	0	0	3	3	2	2	4	0	4	3	1	2	4	4	8	6	2	4	6	7
known:1_4467	1	47776614	47776673	-	60	22	20	7	38	1	31	29	11	27	24	38	7	58	58	15	18	19	11	28	17	25	35	35	30
novel:1_4510	1	48183931	48183991	-	61	3	2	0	3	0	2	4	8	4	0	1	0	2	0	4	6	2	0	4	1	5	3	1	1
novel:1_4545	1	48906293	48906353	-	61	12	6	14	9	2	4	5	16	39	42	35	0	22	18	2	4	8	10	17	11	16	22	15	19
novel:1_4546	1	48906335	48906388	-	54	12	6	15	9	2	4	6	15	39	40	34	0	22	18	2	4	7	10	16	10	16	25	15	18
novel:1_1361	1	63924699	63924764	+	66	1	1	2	3	0	2	9	0	12	2	14	0	21	15	2	3	6	5	11	8	6	4	21	13
known:1_1462	1	68052127	68052198	+	72	861	885	1064	930	11	5061	1392	1257	1815	2389	1481	7	2027	2217	887	1223	1276	1608	2006	1514	1883	2380	2134	2047
novel:1_4996	1	72009275	72009325	-	51	0	0	0	0	0	1	0	0	0	0	3	0	0	0	0	0	0	0	0	1	0	0	0	0
novel:1_5238	1	88957311	88957386	-	76	0	0	0	0	0	0	0	0	0	0	0	0	0	0	0	0	0	0	0	0	0	0	0	0
known:1_2054	1	96778655	96778713	+	59	62	57	48	69	0	47	116	87	114	85	135	0	120	69	54	98	106	107	159	101	116	153	122	97
known:1_2056	1	96779396	96779462	+	67	111	126	131	111	1	353	182	164	247	208	129	1	200	170	117	158	142	211	265	204	208	180	170	207
known:1_2058	1	96811732	96811792	+	61	2166	2304	1789	2280	13	1437	3204	3561	7031	5759	5871	12	5628	6515	2355	3465	3703	4718	5652	4061	7324	8604	7258	7338
novel:1_2132	1	102980799	102980863	+	65	489	480	587	484	281	498	171	58	88	233	129	71	214	301	400	531	270	424	290	207	136	166	206	188
novel:1_2183	1	103632024	103632067	+	44	0	0	1	0	0	2	3	14	5	4	0	0	6	4	2	0	0	0	5	1	5	6	2	5
known:1_2316	1	107699261	107699323	+	63	27	33	9	30	1	181	48	76	153	100	113	0	103	122	30	36	45	41	58	24	138	153	126	131
known:1_2317	1	107699778	107699833	+	56	327	399	170	338	0	293	470	1435	1376	701	1180	3	1689	1303	409	552	530	538	861	413	1314	1662	1558	1629
novel:1_2352	1	108832901	108832946	+	46	7	2	8	10	1	15	4	3	0	3	2	0	9	7	1	1	1	1	6	7	0	0	1	1
novel:1_5563	1	109461374	109461413	-	40	0	0	1	5	0	1	0	0	1	1	3	0	2	2	0	0	0	0	6	1	1	3	2	1
novel:1_5653	1	115239780	115239839	-	60	1	0	0	1	0	2	2	3	4	3	6	0	4	6	1	0	2	0	3	4	0	2	1	1
novel:1_5658	1	115434730	115434777	-	48	0	0	0	0	0	0	0	0	0	0	0	0	0	0	0	0	0	0	0	0	0	1	0	0
novel:1_5705	1	117952641	117952691	-	51	12	8	19	5	0	5	10	18	17	17	27	2	18	22	5	12	11	20	23	14	24	23	26	33
known:1_2798	1	129979927	129979981	+	55	8	5	6	4	2	7	14	37	52	20	16	3	26	27	15	17	21	19	34	25	32	47	26	22
known:1_6046	1	144109298	144109357	-	60	382	448	255	624	2	669	599	875	1140	835	1439	12	1692	1119	554	817	651	633	1043	712	1309	1928	1571	1562
known:1_6047	1	144109430	144109488	-	59	39	32	19	71	2	20	61	48	67	56	88	19	110	75	52	85	61	51	98	65	99	131	111	124
known:1_6050	1	144109604	144109660	-	57	283	292	152	299	3	247	394	318	508	460	625	6	1483	1102	545	703	395	505	712	447	742	1152	906	887
known:1_6053	1	144109896	144109953	-	58	754	719	337	908	5	752	1187	1400	1140	967	1774	2	2103	1483	652	1109	1069	1007	1663	946	1894	2475	1980	1926
novel:1_3093	1	149859408	149859461	+	54	0	3	0	0	1	3	3	57	40	6	17	2	11	9	0	0	2	4	6	5	23	53	12	17
novel:1_3121	1	150055287	150055327	+	41	2	0	0	1	0	1	3	3	0	2	4	0	0	0	0	0	1	0	0	0	1	0	3	2
novel:1_3122	1	150055307	150055367	+	61	2	0	0	1	0	1	3	2	0	2	4	0	0	0	0	0	1	0	0	0	1	0	3	1
known:1_6193	1	161574342	161574402	-	61	260	300	189	306	0	289	495	446	525	357	512	1	748	719	336	397	414	472	726	444	585	721	733	666
known:1_6195	1	161574486	161574543	-	58	61	51	38	91	1	61	84	55	72	88	142	3	213	141	79	109	116	105	167	101	112	165	195	134
novel:1_3482	1	174796935	174796990	+	56	0	0	0	0	0	0	0	0	0	0	0	0	0	0	0	0	0	0	0	0	0	0	0	0
novel:1_3487	1	174881025	174881085	+	61	0	2	1	1	0	12	0	0	0	0	0	0	0	1	1	0	1	1	2	5	0	0	0	0
novel:1_3500	1	176332465	176332540	+	76	0	0	0	0	0	0	0	0	0	0	0	0	0	0	0	0	0	0	0	0	0	0	0	0
novel:1_6504	1	181996823	181996886	-	64	1	0	4	3	0	39	11	0	0	1	0	1	4	8	0	1	4	2	14	18	1	3	12	16
novel:2_8948	2	6331755	6331801	-	47	0	0	0	0	0	2	1	0	1	0	0	2	0	1	0	3	1	1	1	1	0	0	0	0
novel:2_6808	2	6943547	6943630	+	84	4	0	10	9	2	34	9	11	20	38	17	10	1	3	2	1	5	8	26	12	36	35	19	13
novel:2_6995	2	15608695	15608777	+	83	0	0	0	0	0	0	0	0	1	0	0	0	0	0	0	0	0	0	0	0	0	0	0	0
novel:2_9340	2	24290307	24290376	-	70	0	1	1	3	2	0	0	6	5	3	7	13	2	2	0	2	2	2	4	1	8	7	7	7
novel:2_7435	2	32729356	32729407	+	52	0	1	0	0	0	0	0	2	0	0	0	0	0	0	0	0	0	0	1	1	1	0	3	2
novel:2_9606	2	32749114	32749180	-	67	22	34	18	25	0	42	26	20	11	15	19	0	16	24	14	13	27	31	54	21	10	24	18	10
novel:2_7849	2	58332338	58332400	+	63	7	12	2	11	0	19	6	32	61	55	35	13	11	6	9	22	15	15	9	4	64	71	13	19
novel:2_10147	2	74154038	74154122	-	85	210	216	338	294	495	523	294	24	49	121	107	120	204	275	159	242	196	316	298	223	115	182	202	194
known:2_8190	2	74935215	74935273	+	59	790	832	647	906	77	839	1370	994	1363	1346	1244	53	1861	1771	679	993	1238	1431	2118	1455	1294	1457	1800	1701
known:2_8365	2	81135692	81135755	+	64	215	242	250	263	4	363	241	390	569	725	578	6	453	432	198	327	334	494	402	293	457	562	411	414
known:2_8370	2	81162538	81162599	+	62	214	233	154	206	6	238	366	335	364	305	402	2	475	431	190	273	280	318	499	352	360	429	476	439
known:2_8562	2	92863518	92863577	+	60	1	1	1	4	0	5	0	2	10	10	7	0	10	14	2	5	7	8	6	11	7	17	19	13
novel:2_10462	2	93873105	93873162	-	58	0	0	0	0	0	0	0	3	1	1	2	0	1	2	0	0	0	0	0	0	3	4	1	0
novel:2_8613	2	95197391	95197458	+	68	0	0	0	0	0	0	0	8	16	0	3	0	0	0	0	1	0	1	2	0	1	6	0	1
novel:2_8659	2	102562011	102562081	+	71	0	0	0	0	0	1	0	0	0	0	0	0	0	0	0	0	0	0	2	1	0	1	0	0
novel:2_10621	2	104448912	104448992	-	81	9	19	24	22	8	22	3	4	7	16	6	8	20	25	12	15	12	21	20	10	1	4	9	8
novel:2_8742	2	105612171	105612243	+	73	0	0	0	0	0	0	0	0	0	0	0	0	0	0	0	0	0	0	1	0	0	0	0	0
known:2_10652	2	108588373	108588432	-	60	7827	8189	14929	13750	114	23693	16854	296	137	345	224	1	4185	4889	3126	4622	9808	12593	17214	13556	66	70	1744	1163
novel:3_10670	3	591484	591558	+	75	0	0	0	0	0	0	0	1	0	0	0	0	0	0	0	0	0	0	0	0	0	0	0	0
novel:3_10817	3	8383689	8383738	+	50	0	0	0	0	0	0	0	0	1	0	0	0	0	0	0	0	0	0	0	0	0	0	0	0
novel:3_10829	3	9255005	9255050	+	46	2	3	2	0	0	0	0	3	2	2	3	0	0	0	4	0	1	0	1	0	2	0	1	0
known:3_11129	3	29728344	29728397	+	54	5	8	24	19	0	7	10	4	7	4	14	0	10	7	3	2	12	20	19	8	5	4	11	11
known:3_11130	3	29728378	29728429	+	52	5	8	24	19	0	7	10	4	7	4	14	0	10	7	3	2	12	20	19	8	5	4	11	11
known:3_12353	3	30336775	30336821	-	47	5	10	9	15	1	10	16	14	39	13	26	0	12	19	7	15	17	13	7	7	15	30	14	16
known:3_12354	3	30336801	30336862	-	62	10	12	14	21	1	13	23	14	41	20	28	0	33	25	9	19	20	26	22	13	19	35	18	28
novel:3_12367	3	31716623	31716678	-	56	14	25	7	6	0	6	2	3	50	31	21	0	2	0	29	26	18	21	3	2	11	11	0	2
known:3_12730	3	47694965	47695025	-	61	302	324	4440	2900	28	9579	5516	84	118	217	114	0	335	382	154	252	1160	1803	8637	6437	119	169	226	232
novel:3_12751	3	48922060	48922116	-	57	2	4	2	4	0	7	5	1	5	9	3	0	8	8	5	4	1	2	5	6	7	1	4	10
known:3_11587	3	69182970	69183033	+	64	479	501	546	551	27	891	585	541	857	721	596	10	609	590	463	666	655	1009	825	561	549	728	512	521
known:3_11590	3	69184739	69184799	+	61	255	222	221	277	8	575	447	340	414	397	411	6	582	542	220	380	414	442	652	396	413	520	484	463
novel:3_13172	3	73957295	73957377	-	83	7	2	3	5	0	1	6	398	123	33	27	5	22	27	1	1	7	5	14	10	112	113	25	23
novel:3_11734	3	80375198	80375269	+	72	0	0	1	0	0	1	2	0	0	0	3	1	0	0	1	0	1	0	0	0	1	2	0	0
known:3_13463	3	91247875	91247934	-	60	42	55	26	32	0	36	42	64	86	49	57	3	39	48	38	54	72	57	60	31	59	70	32	32
known:3_13466	3	91251347	91251405	-	59	15	17	5	22	0	11	16	25	24	7	25	0	30	12	14	20	26	18	17	17	18	26	23	19
novel:4_13795	4	14881349	14881392	+	44	0	0	0	0	0	0	0	2	1	0	0	0	0	0	0	0	0	0	0	0	0	0	0	0
novel:4_15085	4	17676683	17676747	-	65	0	0	0	1	0	0	0	2	0	0	0	0	0	0	0	0	0	0	1	0	1	0	0	0
novel:4_15086	4	17676726	17676766	-	41	0	0	0	1	0	0	0	2	0	0	0	0	0	0	0	0	0	0	1	0	1	0	0	0
novel:4_13944	4	22489836	22489895	+	60	2	0	0	0	0	0	0	4	2	5	4	0	6	2	1	2	1	1	6	0	4	6	0	2
novel:4_14232	4	37728738	37728797	+	60	1	2	4	6	1	0	2	23	39	23	15	0	5	15	13	10	11	14	3	7	33	33	10	0
novel:4_15460	4	41048839	41048914	-	76	2	0	2	4	0	2	2	3	12	1	4	0	3	3	0	3	4	4	12	10	6	11	4	11
known:4_14332	4	43605854	43605914	+	61	4	3	7	9	0	26	3	0	0	0	0	0	0	0	3	0	9	6	19	7	0	1	1	0
known:4_15661	4	54721508	54721570	-	63	1	2	1	3	0	1	1	0	2	3	6	0	8	2	2	5	2	3	6	4	1	1	5	3
known:4_15805	4	65640712	65640775	-	64	1025	1076	1121	1373	13	1532	1956	2860	3928	2849	2621	19	2502	2607	960	1468	1784	2261	3263	2111	2119	2796	2540	2730
known:4_15814	4	65835083	65835142	-	60	172	148	115	209	1	667	434	187	205	186	288	0	449	379	132	233	312	273	634	377	385	436	497	465
novel:4_15836	4	68755031	68755105	-	75	0	0	0	0	0	0	1	21	11	0	0	2	0	1	0	2	1	0	0	0	7	13	0	1
novel:4_14782	4	70249695	70249757	+	63	75	49	55	37	44	118	21	4	7	16	15	5	16	24	44	62	34	65	22	26	7	13	17	15
novel:5_15931	5	4565855	4565916	+	62	22	11	34	44	2	137	109	15	21	54	42	0	131	181	12	17	55	62	138	119	33	38	135	112
novel:5_15944	5	4855028	4855084	+	57	0	0	3	0	0	13	2	0	2	2	0	0	1	4	0	1	0	3	5	5	1	1	3	5
novel:5_15951	5	4873425	4873482	+	58	0	0	1	0	1	0	0	0	3	2	8	1	0	0	0	2	1	4	0	0	6	0	3	2
novel:5_17482	5	6188628	6188676	-	49	1839	1842	1917	1690	3444	2095	1091	183	208	542	361	895	761	856	1650	2171	1828	2537	1534	1156	507	620	729	551
novel:5_16087	5	9959977	9960029	+	53	0	0	0	0	0	0	0	0	0	0	1	0	0	1	0	0	0	0	0	0	2	2	0	0
known:5_16238	5	15032365	15032424	+	60	407	439	341	906	2	1645	1633	263	255	499	846	0	1592	1153	264	446	732	652	2044	1230	850	1081	1294	1227
novel:5_16439	5	20858637	20858691	+	55	0	0	2	0	0	2	0	21	13	3	5	1	2	1	0	2	2	0	1	1	7	19	2	6
novel:5_17872	5	20974539	20974598	-	60	4	5	8	12	25	2	5	1	0	0	1	1	1	6	2	3	2	2	5	1	0	0	2	0
novel:5_16540	5	23149101	23149162	+	62	3	0	0	0	0	0	0	0	2	0	1	0	0	0	1	1	1	0	0	0	0	0	0	0
novel:5_18184	5	31893706	31893750	-	45	0	0	0	2	0	1	0	28	9	1	7	0	1	4	0	0	1	1	0	1	8	12	0	1
novel:5_18682	5	52114829	52114908	-	80	1	0	1	2	0	0	0	34	11	3	2	0	1	3	0	0	1	0	5	1	13	14	6	3
novel:5_18787	5	54886586	54886626	-	41	6	1	1	2	0	2	4	1	2	2	3	0	1	1	1	2	1	1	2	1	3	4	5	2
known:5_18837	5	55616738	55616794	-	57	6	4	15	10	0	24	23	5	13	27	17	0	39	38	5	3	24	19	29	28	13	18	29	30
known:5_18838	5	55616773	55616822	-	50	6	4	15	9	0	5	18	6	11	20	11	0	29	30	3	3	18	16	24	19	10	16	24	23
known:6_18982	6	3215864	3215931	+	68	0	0	0	0	0	0	0	2	6	3	4	0	2	0	2	2	2	1	0	2	0	1	0	0
known:6_19004	6	4094588	4094648	+	61	9	19	6	17	0	12	19	21	25	11	20	0	26	28	16	24	31	23	38	23	15	36	30	33
known:6_20063	6	8365384	8365430	-	47	6	10	8	11	0	0	13	7	3	12	13	0	15	13	10	17	5	18	17	17	6	12	17	12
known:6_20064	6	8365408	8365469	-	62	6	10	8	11	0	0	13	7	3	12	13	0	15	13	10	17	5	18	17	17	6	12	17	12
novel:6_20278	6	19606061	19606101	-	41	4	1	1	8	18	1	3	9	10	3	1	16	3	2	3	5	6	6	2	9	4	7	7	10
novel:6_19624	6	29929607	29929673	+	67	0	1	1	1	0	4	1	4	3	3	2	1	5	2	0	0	0	0	1	1	1	5	2	2
novel:6_20501	6	30610132	30610195	-	64	1	1	0	1	0	1	0	31	14	3	7	0	3	7	0	0	1	2	0	1	15	8	2	9
known:6_20585	6	35267488	35267543	-	56	108	123	144	124	2	167	142	124	198	213	150	0	82	120	114	151	144	210	190	129	139	176	94	91
novel:6_20588	6	35269710	35269765	-	56	8	11	9	13	0	11	14	22	17	23	13	0	7	7	17	28	15	40	13	10	20	33	12	8
known:6_20659	6	39445224	39445285	-	62	18	16	6	28	0	52	36	11	12	22	27	0	36	31	12	13	14	19	60	32	22	39	27	44
known:6_19865	6	44167836	44167893	+	58	234	231	217	263	3	231	364	203	255	237	256	1	373	317	174	252	296	366	566	361	264	331	354	334
novel:7_22056	7	661443	661496	-	54	0	0	0	0	0	3	3	1	2	3	1	0	3	1	0	1	1	1	1	5	2	0	7	0
known:7_21008	7	5989657	5989715	+	59	54	59	42	82	0	5	28	151	246	184	190	2	103	70	85	97	77	74	46	34	140	217	63	46
novel:7_22350	7	12055175	12055231	-	57	10	15	28	25	2	49	23	14	30	79	51	4	49	49	16	21	33	49	54	27	49	41	64	47
known:7_22453	7	15768371	15768428	-	58	4	7	5	8	0	1	3	1	10	34	19	0	2	10	12	16	41	33	25	25	17	35	25	26
known:7_22454	7	15768407	15768494	-	88	4	7	4	8	0	1	3	0	9	29	19	0	1	10	10	14	40	33	22	24	15	32	24	25
known:7_22504	7	17661314	17661373	-	60	209	276	115	155	2	200	151	317	421	351	360	2	337	321	200	296	233	224	206	142	297	375	308	258
novel:7_22526	7	18301944	18302004	-	61	9	0	15	12	1	32	13	20	19	31	19	0	23	10	3	7	17	27	15	8	27	24	14	19
novel:7_22622	7	22465830	22465910	-	81	0	0	3	0	0	2	0	21	0	1	4	0	5	5	0	0	0	0	3	2	12	12	4	6
novel:7_22663	7	22492931	22492990	-	60	57	69	49	62	15	134	87	541	191	161	162	50	312	279	62	88	104	112	172	166	454	506	304	313
known:7_21961	7	34144902	34144957	+	56	199	203	179	245	5	209	376	209	294	212	254	1	401	356	177	225	270	327	535	387	275	356	328	336
novel:8_23827	8	5251078	5251142	-	65	1	0	0	4	0	0	1	10	11	2	4	0	1	0	3	5	0	1	7	2	6	7	6	4
novel:8_23877	8	8584878	8584963	-	86	0	1	0	0	0	1	0	2	0	0	2	0	0	0	0	0	1	0	0	0	0	1	1	0
known:8_24156	8	18806911	18806969	-	59	50	34	22	55	0	123	100	46	53	67	101	1	112	76	46	47	69	56	127	66	77	117	101	121
known:8_23454	8	22494140	22494199	+	60	1037	1206	1364	1226	13	916	1217	2370	2380	3341	2375	8	4614	5165	1013	1409	1381	2029	1875	1195	2064	2916	3283	3155
novel:8_24340	8	28418094	28418154	-	61	5	3	17	12	0	101	36	0	0	0	0	0	12	18	0	1	8	4	54	37	1	1	8	2
known:9_24500	9	378836	378891	+	56	13	8	8	16	0	9	4	31	42	19	39	0	12	12	4	24	26	35	13	3	29	41	15	17
novel:9_24578	9	1207564	1207605	+	42	0	1	1	0	1	6	0	1	0	0	0	2	0	1	1	1	0	0	1	3	0	0	0	0
known:9_25110	9	3990546	3990609	-	64	550	587	282	633	1	508	754	976	1258	912	1547	10	1726	1201	617	882	989	846	1188	743	1782	2240	1912	1907
known:9_25111	9	3990685	3990746	-	62	61	74	43	52	8	154	58	221	395	312	217	37	92	90	57	89	84	116	87	64	191	270	136	147
known:9_25114	9	3990845	3990903	-	59	452	456	281	622	2	675	591	946	1127	814	1478	7	1610	1135	554	795	716	677	1094	713	1351	1801	1540	1557
known:9_25115	9	3990983	3991040	-	58	1144	1191	578	1406	1	964	1618	1665	1937	1540	3253	4	3551	2561	1237	1798	2040	1712	2685	1481	3513	4148	4124	4087
known:9_25118	9	3991171	3991231	-	61	65	72	45	77	0	34	55	258	221	225	157	19	122	108	68	73	88	93	77	47	188	175	158	135
known:9_25119	9	3991304	3991360	-	57	104	88	27	110	0	56	143	151	106	107	204	0	262	181	72	126	106	126	178	86	241	296	271	216
known:9_25123	9	4069234	4069290	-	57	14	12	8	13	0	17	20	34	36	22	30	2	49	33	8	23	32	17	33	16	38	42	47	27
novel:9_25134	9	4262900	4262938	-	39	0	0	0	0	0	0	0	0	1	0	0	0	2	0	0	0	0	0	0	2	0	2	0	0
novel:9_24822	9	16246879	16246938	+	60	0	1	0	1	0	1	3	27	4	1	4	0	1	1	0	0	0	2	0	2	5	10	1	2
novel:9_24868	9	16534656	16534720	+	65	0	0	0	0	0	0	0	0	0	0	2	0	0	0	0	0	0	0	0	0	0	0	0	0
novel:9_25370	9	17266471	17266546	-	76	0	0	0	0	0	0	0	0	0	0	1	0	0	0	0	0	0	0	0	0	0	0	0	0
known:10_26265	10	8247970	8248028	-	59	136	145	109	199	1	282	305	77	59	56	62	2	137	109	110	163	220	222	431	301	109	128	74	77
known:10_26267	10	8248151	8248212	-	62	153	134	92	281	1	407	402	92	91	96	86	1	124	143	93	139	221	191	415	301	109	125	143	104
known:10_26346	10	10978700	10978758	-	59	535	652	784	752	42	2777	1495	650	1031	776	542	17	667	803	423	631	761	1129	1483	1119	490	566	570	582
known:10_25657	10	10978701	10978758	+	58	54	64	38	65	1	265	116	74	68	60	89	0	145	128	49	78	67	78	165	112	64	86	129	113
known:10_26347	10	10984524	10984583	-	60	952	917	734	1272	7	1752	2017	886	1257	957	1283	4	1356	1276	774	1094	1283	1278	2440	1467	1107	1323	1247	1182
novel:10_25692	10	11098977	11099031	+	55	1	0	1	4	0	0	0	85	20	13	2	3	6	3	0	1	1	1	0	1	19	17	4	3
novel:10_25711	10	11638406	11638466	+	61	0	0	0	0	1	0	0	2	0	1	0	0	0	0	0	0	0	0	1	0	2	2	1	2
novel:10_26446	10	13847724	13847781	-	58	0	4	1	3	0	6	1	0	7	4	0	0	7	9	3	0	0	0	3	1	0	0	1	6
known:10_26467	10	13875840	13875901	-	62	1	4	2	4	0	14	6	0	0	1	5	0	2	7	0	0	1	0	5	0	0	2	2	5
novel:10_25885	10	18358903	18358988	+	86	0	0	0	0	0	2	5	2	0	1	0	0	2	0	0	4	0	3	9	1	2	0	2	0
novel:10_26581	10	18610333	18610405	-	73	0	2	0	3	1	2	0	6	8	0	3	0	0	3	0	2	0	1	3	0	3	7	2	1
known:10_26602	10	19032180	19032234	-	55	55	72	40	92	1	181	73	45	99	75	142	0	178	127	64	58	70	76	123	77	128	160	159	171
known:11_28053	11	21890333	21890393	-	61	279	346	237	347	4	316	565	546	577	540	564	19	897	932	370	431	437	552	853	503	669	853	805	877
known:11_28054	11	21890373	21890450	-	78	251	310	196	319	1	260	508	469	476	388	484	0	722	730	333	352	388	502	749	426	578	737	668	726
known:11_28055	11	21890502	21890560	-	59	133	145	108	108	1	109	158	271	383	417	324	3	301	288	144	208	154	219	246	148	280	356	309	297
novel:11_27405	11	22600277	22600332	+	56	0	0	0	2	1	0	0	1	0	0	0	0	0	0	0	0	0	0	1	0	2	4	0	2
novel:11_27410	11	22769107	22769153	+	47	0	0	0	0	0	0	0	3	0	0	0	1	0	0	1	0	0	0	0	1	2	0	0	0
novel:12_28652	12	1704547	1704622	-	76	0	0	0	0	0	0	0	27	17	5	7	0	0	2	0	0	0	0	0	0	15	15	7	2
novel:12_28262	12	5634902	5634972	+	71	2	5	3	2	0	7	1	5	3	5	1	0	0	2	3	7	3	2	0	0	2	4	1	1
known:12_28266	12	5704844	5704901	+	58	0	1	0	0	0	1	0	1	2	2	0	0	0	0	0	1	0	0	1	1	0	1	0	0
known:12_28769	12	7103037	7103094	-	58	40	35	33	75	0	76	91	3	29	54	94	0	90	63	34	49	56	60	191	82	74	86	108	84
novel:12_28932	12	11593194	11593268	-	75	0	0	0	0	0	0	0	3	2	1	0	0	3	0	0	0	0	0	1	0	0	4	3	0
known:12_28410	12	12373826	12373886	+	61	52	49	45	87	0	224	137	45	93	54	85	0	221	211	45	84	101	111	277	223	85	105	201	214
known:12_28957	12	12373826	12373887	-	62	24	19	22	23	1	27	22	71	127	109	111	0	86	81	19	29	20	22	43	17	53	60	48	48
novel:12_28530	12	18270919	18270979	+	61	0	2	2	0	0	4	3	1	6	1	2	0	4	5	0	2	1	1	0	2	8	5	0	1
known:12_29130	12	19233782	19233843	-	62	563	615	843	781	5	1792	896	399	752	1299	893	4	1511	1751	334	422	614	939	1577	1252	385	479	1029	1023
known:13_29484	13	11665266	11665331	+	66	5	5	5	5	0	7	11	3	5	5	11	0	7	10	1	3	4	4	21	10	12	9	14	10
novel:13_29602	13	16953571	16953630	+	60	7	8	5	5	2	4	5	1	4	9	2	0	14	16	10	9	12	8	13	3	10	11	13	8
known:13_29610	13	17406386	17406447	+	62	262	259	153	309	1	463	542	324	472	287	488	2	670	542	286	430	397	443	679	413	574	622	588	668
novel:14_30603	14	287642	287708	-	67	10	9	5	3	0	4	2	113	86	66	67	4	33	40	2	10	18	17	19	13	71	80	63	67
novel:14_30634	14	1712065	1712119	-	55	2	0	5	1	0	3	1	1	0	3	0	0	2	5	2	5	3	5	3	1	2	1	1	5
novel:14_30646	14	2220062	2220124	-	63	1	1	0	0	0	0	3	0	1	5	0	0	4	1	0	2	0	2	3	2	9	3	1	4
known:14_30665	14	2571068	2571146	-	79	1658	1690	1442	1833	3	7221	3109	2654	3226	2745	2687	7	3392	3581	1457	2274	2396	2639	4213	2911	3220	3944	3637	3721
known:14_30667	14	2592881	2592941	-	61	2	0	4	3	0	1	5	3	7	7	4	0	10	12	2	7	6	10	25	9	5	13	15	20
novel:14_30735	14	5704964	5705039	-	76	60	70	94	78	2	667	143	87	117	177	128	2	146	190	79	83	81	139	207	154	117	165	161	174
known:14_30737	14	5706180	5706257	-	78	4523	5394	8206	5948	67	32886	9075	6310	10111	14360	7587	79	10319	11769	4660	6419	7126	10908	12961	10135	7790	9660	10489	10427
known:14_30738	14	5706236	5706309	-	74	4472	5323	8128	5911	26	32801	9006	6186	9948	14144	7477	35	10168	11620	4595	6333	7057	10811	12835	10064	7687	9533	10368	10285
known:14_30739	14	5706606	5706678	-	73	2500	2897	3023	2540	19	14348	4049	3618	5113	7178	4565	31	5788	6413	2578	3649	3534	4824	5639	4477	5541	6677	6165	6007
novel:14_30286	14	8867017	8867076	+	60	0	0	0	0	0	2	1	2	1	0	1	0	0	0	1	0	0	0	0	0	0	0	0	1
known:14_30380	14	11293419	11293478	+	60	1361	1398	1269	1642	12	2790	1887	1829	2183	2177	2196	6	2600	2607	1113	1683	2040	2453	2646	1821	1974	2355	2592	2559
known:14_30382	14	11293807	11293869	+	63	352	398	423	439	46	448	594	362	505	728	574	19	830	972	312	477	624	739	867	622	533	657	819	825
novel:14_30384	14	11294071	11294128	+	58	94	100	64	134	2	298	141	94	117	106	197	2	200	160	60	117	119	114	166	79	119	145	166	192
novel:14_30459	14	13309304	13309365	+	62	0	0	0	0	0	0	1	0	0	0	0	1	3	0	0	0	0	0	0	0	0	0	1	0
novel:14_30528	14	17987287	17987355	+	69	0	2	1	4	3	4	4	1	8	5	6	8	3	5	0	5	2	3	5	2	3	4	2	4
known:15_31084	15	3841261	3841323	+	63	0	1	1	1	0	0	1	1	2	1	0	0	1	4	0	1	1	2	3	3	0	0	2	2
known:15_31095	15	3965478	3965537	+	60	55	62	37	97	0	238	142	72	69	59	115	1	164	98	51	68	94	94	207	126	115	156	166	174
known:15_31729	15	7016378	7016442	-	65	16	11	3	16	0	14	28	28	37	18	34	0	28	27	13	13	29	31	57	26	33	19	31	25
known:15_31730	15	7016424	7016467	-	44	16	11	3	16	0	14	28	28	37	18	34	0	28	27	13	13	29	31	57	26	33	19	31	25
known:15_31741	15	7456561	7456611	-	51	194	194	226	232	4	253	210	244	335	302	234	0	201	230	141	209	238	339	238	193	249	318	221	175
known:15_31742	15	7456590	7456647	-	58	198	194	226	233	4	253	210	244	335	303	235	0	201	230	141	209	238	343	238	193	248	318	222	176
known:15_31747	15	7714129	7714187	-	59	550	565	327	564	7	714	1026	991	1029	1016	1196	8	1499	1410	676	1133	1087	1256	2462	1672	2215	2692	1863	1871
known:15_31750	15	7714723	7714777	-	55	1169	1149	703	1450	16	1872	2585	1939	2727	1646	2989	19	3609	3078	1768	2712	2578	2618	6079	3956	4769	6557	4755	4914
novel:15_31806	15	9406335	9406392	-	58	5	11	14	11	0	6	10	5	9	4	8	0	6	1	5	12	7	14	13	10	7	4	1	3
novel:15_31179	15	9620547	9620600	+	54	7	7	4	7	0	9	7	15	21	8	8	0	13	4	3	6	8	16	10	6	20	16	14	5
novel:15_31372	15	12782401	12782464	+	64	0	0	0	0	0	0	2	16	6	2	5	0	1	0	0	0	4	1	0	1	9	13	3	2
novel:16_32086	16	1413896	1413951	+	56	0	0	0	0	0	0	1	1	1	1	0	0	0	1	1	5	0	1	0	0	3	2	0	2
novel:16_32168	16	4896163	4896202	+	40	6	6	31	20	12	43	27	6	6	6	13	3	6	11	7	13	9	17	17	7	1	1	6	3
novel:16_32732	16	6765902	6765970	-	69	0	0	0	0	0	0	0	0	0	0	0	0	0	0	0	0	0	0	1	0	0	0	0	1
known:16_32789	16	8606239	8606298	-	60	48	57	27	68	0	56	55	66	127	79	97	1	130	98	39	61	74	81	90	46	87	87	83	88
novel:16_32384	16	9527452	9527538	+	87	0	0	0	0	0	3	0	7	7	1	6	0	6	4	1	3	0	0	2	1	1	5	3	6
novel:16_32895	16	11404749	11404806	-	58	4	5	4	6	0	3	7	1	1	5	1	0	10	7	6	8	8	7	7	4	1	7	3	5
novel:16_32899	16	11480232	11480300	-	69	0	0	0	3	0	0	3	28	8	4	2	0	0	2	0	0	0	0	0	0	6	6	2	2
novel:16_32447	16	12394904	12394963	+	60	2	1	0	3	0	11	1	1	5	3	5	0	3	1	4	2	1	4	1	3	2	5	6	0
known:16_32477	16	12658135	12658190	+	56	6	12	9	12	0	8	12	17	33	12	35	0	16	31	9	5	15	15	20	15	22	19	17	24
known:17_33430	17	441859	441919	-	61	2927	3301	2755	3588	8	10650	4082	4120	5438	4793	5056	11	5330	5269	3280	4743	4703	5602	6313	4352	5063	6474	4926	4747
known:17_33432	17	442986	443048	-	63	753	821	773	938	9	1721	1259	915	1197	1292	1324	4	1716	1656	884	1243	1322	1565	1951	1456	1326	1789	1623	1711
known:17_33436	17	449492	449552	-	61	259	250	188	343	0	1313	418	140	248	308	437	1	1354	911	173	237	271	530	598	345	453	492	857	646
known:17_33438	17	450813	450869	-	57	548	516	254	740	2	1651	953	693	1108	558	1339	5	1506	965	569	791	832	622	1448	791	930	1199	1314	1282
known:17_33024	17	801023	801085	+	63	21	29	14	44	0	35	29	14	57	28	47	0	39	36	37	33	41	38	55	47	31	46	55	45
known:17_33036	17	1333481	1333540	+	60	28	22	26	32	1	76	73	32	48	45	33	2	56	46	16	15	53	57	96	61	30	36	35	58
known:17_33061	17	2285669	2285730	+	62	3	4	9	7	0	43	10	3	4	1	3	0	0	3	3	2	3	7	12	3	0	4	0	2
novel:17_33099	17	4762351	4762406	+	56	1	3	1	2	0	2	0	3	7	5	2	1	2	2	1	0	1	2	0	2	3	1	2	2
novel:17_33816	17	11315295	11315357	-	63	2	2	0	1	0	0	3	3	4	11	2	0	4	5	2	0	1	1	2	4	4	4	1	4
novel:18_33874	18	218061	218147	+	87	0	0	2	2	1	10	3	48	26	31	27	4	48	45	4	7	8	10	14	9	45	61	47	31
known:19_33977	19	4590777	4590836	+	60	290	302	148	215	4	700	349	306	368	301	292	15	227	231	452	632	397	512	829	636	578	661	362	412
known:19_34480	19	4836117	4836172	-	56	23	20	29	41	0	107	61	27	32	44	72	0	59	65	21	39	55	40	68	39	50	51	62	38
known:19_33998	19	4921900	4921959	+	60	284	309	220	426	0	573	711	317	432	289	425	0	466	425	254	360	453	432	831	520	379	441	413	388
novel:19_34501	19	5599382	5599438	-	57	0	3	1	0	0	0	0	1	13	3	5	1	0	1	1	4	4	2	0	0	1	3	0	1
novel:19_34130	19	7275336	7275393	+	58	2	2	3	4	0	3	2	1	18	7	10	0	10	9	0	1	5	12	8	7	3	4	6	4
known:19_34603	19	7573672	7573730	-	59	3	6	6	19	0	7	7	2	11	16	13	0	11	9	8	6	9	15	24	6	11	9	6	9
known:19_34242	19	9329350	9329410	+	61	58	68	52	127	1	147	165	36	34	28	40	3	54	49	43	67	108	113	189	115	45	55	43	38
known:19_34244	19	9330963	9331019	+	57	76	87	64	94	12	126	130	29	25	20	29	4	54	48	63	76	113	109	211	129	41	58	38	37
novel:20_34734	20	1075575	1075621	+	47	0	0	0	0	0	0	0	2	0	0	0	0	0	0	0	0	0	0	0	0	0	0	0	0
known:20_35137	20	4377685	4377770	-	86	1	0	1	3	0	9	6	1	0	2	2	0	4	0	0	1	5	1	3	2	0	1	3	0
known:20_35138	20	4377749	4377808	-	60	1	0	1	3	0	9	6	1	0	2	1	0	4	0	0	2	5	2	4	2	0	1	2	1
known:20_35276	20	8425825	8425881	-	57	24	23	18	27	1	10	28	53	91	92	82	3	83	61	21	31	48	53	75	46	52	94	60	64
known:21_35760	21	462266	462328	-	63	200	237	166	345	6	102	372	479	495	414	491	2	698	527	266	419	441	438	615	426	597	783	621	581
novel:21_35375	21	810712	810759	+	48	348	327	277	384	3	489	371	667	1038	985	926	7	594	592	308	446	475	594	725	589	853	947	1039	1038
novel:21_35828	21	1396286	1396371	-	86	2	0	0	0	0	1	6	2	0	0	2	0	2	3	0	1	1	2	1	2	1	1	3	6
novel:21_35916	21	5401836	5401919	-	84	0	0	1	5	0	1	0	24	7	9	6	0	1	3	0	3	2	0	0	0	10	9	2	4
known:21_35618	21	8163221	8163281	+	61	9365	11929	17928	13884	85	14738	15739	24535	43005	44676	30150	86	30746	33263	15018	20395	17191	28455	31840	22372	24989	37085	28551	28853
known:21_35971	21	8326755	8326814	-	60	8	10	0	7	0	4	8	7	4	7	9	0	12	3	7	6	8	4	4	3	17	11	6	8
known:21_35974	21	8327051	8327108	-	58	365	326	183	529	1	1636	817	414	432	279	638	1	906	516	345	496	545	411	1101	587	633	777	758	744
known:22_36185	22	5797724	5797784	+	61	5	11	10	6	0	3	10	29	26	11	9	1	4	6	13	18	10	12	8	8	16	14	5	8
known:22_36202	22	7155940	7156016	+	77	8	10	18	19	3	24	36	3	4	0	0	0	9	5	4	8	11	14	42	28	3	3	3	2
known:22_36203	22	7181480	7181540	+	61	99	100	1336	930	8	3061	1706	15	30	48	40	0	104	140	77	66	315	503	2774	1960	31	51	74	90
novel:22_36689	22	11661914	11661972	-	59	6	9	15	11	2	49	24	0	0	0	2	0	7	8	3	5	9	21	25	15	1	0	11	5
novel:23_37154	23	1514531	1514594	-	64	2	3	11	5	1	7	4	4	6	6	6	6	6	8	5	14	14	21	32	47	21	26	36	36
known:23_37161	23	2041342	2041406	-	65	283	225	100	444	1	222	724	164	248	151	381	2	561	293	420	568	753	622	1505	791	521	632	569	517
novel:23_37179	23	2266578	2266630	-	53	0	0	0	0	0	0	0	6	1	0	2	0	0	1	0	0	0	0	0	0	4	9	1	0
known:23_37192	23	2722141	2722197	-	57	6	5	5	4	0	3	2	15	37	29	26	0	10	10	7	9	7	18	12	7	31	32	8	7
novel:23_37081	23	6341140	6341205	+	66	3	0	0	0	0	7	2	0	0	0	0	0	3	5	0	0	0	1	0	0	0	0	1	0
known:24_37545	24	2631793	2631852	-	60	1	1	2	5	0	2	9	24	17	4	3	0	2	2	1	0	2	4	15	19	2	5	2	1
novel:24_37459	24	3946048	3946129	+	82	0	0	0	0	0	0	0	3	1	3	0	0	1	0	0	0	0	0	0	0	4	1	0	0
known:25_37671	25	2689509	2689572	+	64	12	9	199	137	0	122	95	1	7	29	20	0	26	38	5	14	71	68	166	120	25	34	34	40
novel:25_38018	25	4755200	4755263	-	64	2	6	1	1	0	3	5	10	12	9	14	1	6	2	6	2	9	8	6	2	13	13	5	7
known:26_38160	26	3399540	3399596	+	57	326	312	200	302	1	181	351	998	1064	889	1150	0	1124	992	426	570	493	714	546	439	1365	1771	1335	1303
known:26_38162	26	3407622	3407688	+	67	878	980	1003	744	4	4753	1313	1351	1903	2456	1529	5	1939	2129	831	1201	1266	1636	1855	1412	1970	2525	2086	2067
known:26_38176	26	3422898	3422958	+	61	2159	2422	1711	2339	5	1469	3241	3593	7203	6048	5854	10	5622	6449	2364	3547	3618	4589	5639	4066	7219	8743	7696	7422
novel:28_38799	28	375381	375438	-	58	1	0	1	1	0	0	0	4	5	1	0	0	1	0	4	4	2	1	0	0	0	4	0	1
novel:28_38633	28	723902	723956	+	55	3	2	1	1	0	1	0	3	3	0	0	0	0	0	1	4	1	3	1	3	1	2	0	1
novel:28_38662	28	1415741	1415801	+	61	5	6	5	3	0	7	18	6	8	11	11	0	33	32	4	8	10	12	17	17	15	15	21	31
known:28_38834	28	2172121	2172178	-	58	274	310	151	394	0	89	309	415	546	588	927	2	917	490	426	556	483	945	532	345	996	1232	927	802
known:28_38836	28	2173018	2173078	-	61	93	86	78	100	0	132	83	279	425	402	517	2	382	354	146	224	213	265	230	146	440	671	536	529
known:28_38877	28	2792071	2792131	-	61	1	3	4	2	0	1	1	3	2	5	7	0	11	18	0	4	8	10	16	10	5	10	16	17
novel:28_38882	28	3127358	3127431	-	74	0	0	0	0	0	0	0	1	0	0	0	0	0	0	0	0	0	0	0	1	0	0	0	0
known:28_38887	28	3315764	3315842	-	79	2580	2834	3206	2685	23	15420	4326	3849	5337	7208	4516	30	6002	6714	2707	3646	3748	5043	5921	4693	5725	7086	6344	6265
known:28_38889	28	3315969	3316040	-	72	1054	1220	1355	1126	10	4892	1649	1370	2294	2728	1586	10	1941	2194	1010	1440	1484	1987	2409	1879	1799	2252	1816	1851
novel:28_38749	28	4139133	4139202	+	70	1	0	1	0	1	3	1	11	14	3	0	0	3	4	0	3	0	1	5	4	1	4	0	4
novel:29_39117	29	410746	410825	-	80	0	0	0	3	0	0	0	19	13	4	5	2	1	0	0	0	0	0	1	2	4	8	5	0
novel:29_38982	29	2236063	2236121	+	59	2	7	1	5	0	2	2	19	32	18	13	0	0	2	0	4	3	6	3	3	10	17	6	3
known:29_39019	29	2809528	2809578	+	51	47	60	50	67	0	65	53	60	95	90	59	0	59	50	58	72	61	74	69	59	76	68	43	50
known:29_39020	29	2809557	2809616	+	60	47	60	50	67	0	65	53	60	95	90	59	0	59	50	58	72	61	74	69	59	76	68	43	50
novel:30_39627	30	1279605	1279688	-	84	1	0	0	3	0	4	1	8	0	3	1	0	2	2	3	1	0	1	2	0	2	1	1	2
known:30_39328	30	1372842	1372935	+	94	0	0	0	2	0	2	5	1	5	0	0	0	0	1	2	0	0	0	3	0	0	3	2	1
novel:30_39714	30	3396118	3396176	-	59	1	1	2	3	0	1	0	79	15	5	4	2	1	6	0	0	0	2	2	3	26	40	4	5
known:30_39793	30	4535638	4535697	-	60	23	21	18	26	0	22	17	65	113	92	95	0	72	67	17	24	24	22	41	18	47	55	51	51
novel:30_39533	30	4535640	4535696	+	57	1	3	1	2	0	0	2	1	5	3	4	0	4	8	1	3	2	3	16	8	1	2	8	5
novel:ADDD02065548.1_45943	ADDD02065548.1	225	298	+	74	1	1	1	0	0	0	1	11	9	10	1	0	8	3	0	2	0	0	3	0	9	5	5	9
novel:ADDD02066171.1_43681	ADDD02066171.1	1606	1671	-	66	0	0	0	0	0	0	0	0	0	1	0	0	0	0	0	0	0	0	0	0	0	0	0	0
novel:ADDD02107929.1_45928	ADDD02107929.1	140	178	-	39	8	6	10	11	2	19	16	18	18	18	21	1	25	31	8	16	10	18	19	14	17	12	10	17
novel:ADDD02145688.1_45896	ADDD02145688.1	12	52	-	41	8	2	14	7	8	10	8	0	3	3	3	21	12	9	3	4	5	8	13	2	3	2	8	2
novel:ADDD02159738.1_43299	ADDD02159738.1	2819	2889	+	71	0	0	2	2	0	0	3	68	14	4	9	2	5	5	0	0	1	1	0	0	25	23	5	1
novel:ADDD02192598.1_43598	ADDD02192598.1	1470	1525	+	56	24	27	19	39	1	54	84	5	6	7	1	0	28	26	18	8	29	36	139	85	4	7	7	7
novel:ADDD02200358.1_45978	ADDD02200358.1	272	336	-	65	0	0	1	0	1	2	0	1	0	0	1	0	1	2	1	0	2	0	0	0	0	0	0	0
novel:ADDD02235286.1_43596	ADDD02235286.1	250	290	+	41	2	1	1	3	0	3	2	24	5	6	8	6	4	1	0	2	1	0	4	0	8	3	1	4
novel:ADDD02247079.1_45529	ADDD02247079.1	106	173	+	68	0	0	3	0	0	2	0	19	1	0	0	0	0	0	0	0	1	3	0	0	5	2	1	1
known:ADDD02262809.1_45313	ADDD02262809.1	79	136	-	58	114	130	142	110	2	146	116	122	215	209	127	0	94	99	115	157	129	188	150	152	148	168	105	86
novel:ADDD02295632.1_44390	ADDD02295632.1	477	562	+	86	3	1	2	1	0	6	5	52	26	23	28	3	57	39	3	5	10	10	15	8	37	59	39	28
novel:KN386359.1_43448	KN386359.1	1417	1482	-	66	250	226	383	748	1805	1188	764	621	1233	545	769	3251	987	942	106	195	432	657	1001	555	792	880	1546	1709
novel:KN386979.1_42592	KN386979.1	27032	27096	-	65	2	2	0	0	3	7	10	5	8	5	5	4	8	6	4	0	1	0	13	3	7	6	9	2
known:KN387131.1_43410	KN387131.1	3928	3993	+	66	133	121	97	192	0	108	266	116	224	140	207	2	271	227	126	191	275	267	371	278	245	265	296	318
novel:KN387179.1_43215	KN387179.1	69	158	+	90	0	0	1	1	0	2	0	0	4	1	1	0	0	3	0	0	0	0	9	2	1	1	4	4
novel:KN387754.1_42745	KN387754.1	16762	16825	-	64	1	2	4	4	0	5	4	11	11	4	8	0	15	9	2	1	4	6	5	6	6	19	16	16
novel:KN387764.1_42456	KN387764.1	30930	30970	-	41	2	0	1	8	0	3	0	6	3	1	1	0	0	0	1	2	0	1	2	0	0	0	2	2
novel:KN388950.1_43297	KN388950.1	3368	3431	-	64	0	0	1	2	1	1	2	1	1	1	2	0	3	2	0	0	0	0	4	1	2	7	2	2
known:KN389462.1_42287	KN389462.1	81187	81242	-	56	7	13	16	15	0	46	11	19	40	43	17	0	12	15	6	12	13	13	15	25	23	14	12	10
known:Z_41273	Z	15301865	15301922	-	58	1	2	0	2	0	0	0	7	11	6	3	0	12	10	1	0	4	8	5	1	14	6	9	5
known:Z_40359	Z	25670659	25670713	+	55	18	19	15	29	0	87	26	33	43	37	44	1	62	47	27	18	28	47	41	25	53	50	57	57
known:Z_41603	Z	32170087	32170146	-	60	0	1	1	0	1	1	1	5	3	2	1	0	1	1	0	1	0	0	2	3	1	0	1	3
novel:Z_40497	Z	35282015	35282060	+	46	0	0	0	0	0	0	1	4	4	1	5	3	0	0	0	1	0	0	0	0	5	3	1	2
known:Z_41668	Z	36485585	36485643	-	59	0	0	0	0	0	1	0	1	2	0	0	0	1	0	36	49	27	71	75	48	48	92	75	64
novel:Z_40501	Z	36487658	36487715	+	58	4	1	3	1	0	2	1	1	3	5	0	0	7	8	0	3	2	4	8	7	4	1	10	1
known:Z_40517	Z	37852214	37852271	+	58	10596	12362	15630	14582	90	37028	26752	17112	24682	27843	20184	74	26870	31514	9650	14695	20246	26075	34537	24938	20397	25878	26204	26028
known:Z_40519	Z	37852454	37852516	+	63	421	462	260	663	5	309	908	612	871	597	986	9	1305	965	469	676	755	717	1177	686	964	1215	1046	1005
known:Z_40521	Z	37852978	37853037	+	60	4393	4929	5207	7258	72	22363	12184	7828	9482	8293	9670	71	13620	12501	4281	5988	7815	8929	14838	10342	9546	13098	11957	11314
known:Z_41731	Z	40501611	40501687	-	77	32	22	19	13	2	22	8	34	48	45	38	5	19	29	14	13	20	33	17	15	25	21	20	13
known:Z_41732	Z	40501666	40501722	-	57	48	28	33	23	4	47	23	57	81	69	50	6	41	43	18	18	38	50	23	27	31	31	29	26
novel:Z_41883	Z	49111519	49111581	-	63	0	2	8	4	0	5	0	0	0	0	0	0	0	0	0	1	0	1	3	5	0	0	0	1
novel:Z_41923	Z	51602758	51602823	-	66	0	0	0	0	0	0	0	0	0	2	0	0	0	0	0	0	0	0	0	0	0	0	0	0
known:Z_42164	Z	63316265	63316329	-	65	16	23	26	22	0	13	21	29	40	47	43	0	30	28	13	18	18	25	36	10	34	29	23	26
novel:Z_42226	Z	68201707	68201771	-	65	0	0	0	0	0	0	0	0	0	1	0	1	2	0	0	0	0	1	2	0	0	0	0	0
